samlpe:1
direct band gap: wevelength=251.729549238nm energy=4.92592150487eV
	linear fit coefficient: slope=3302.67616762 intercept=-16268.7235577 r=0.990583817164
indirect band gap: wevelength=268.535431803nm energy=4.61764018131eV
	linear fit coefficient: slope=9.88591908185 intercept=-45.6496171816 r=0.994073460789
datas:
wavelength	R	hv	F(R)	(hvF(R))^2	(hvF(R))^1/2
200.0	0.0975	6.2	4.17695512821	670.660917258	5.08892147659
200.5	0.09706	6.18453865337	4.19998270966	674.698308624	5.09656309795
201.0	0.09419	6.16915422886	4.35551415278	721.988223942	5.18361250041
201.5	0.09412	6.15384615385	4.35942719082	719.701034114	5.17950231694
202.0	0.09291	6.13861386139	4.42800703961	738.851631622	5.21361922197
202.5	0.09314	6.12345679012	4.41483283015	730.839214426	5.199426706
203.0	0.09758	6.10837438424	4.17279081984	649.687517982	5.04866007518
203.5	0.09547	6.09336609337	4.28498230282	681.730317976	5.10979117721
204.0	0.09447	6.07843137255	4.33992050863	695.899597477	5.13613755404
204.5	0.09525	6.06356968215	4.29696883202	678.861458313	5.10440691315
205.0	0.09222	6.0487804878	4.46792739319	730.378300854	5.19860673997
205.5	0.09238	6.03406326034	4.45861693224	723.802435096	5.18686578029
206.0	0.09035	6.01941747573	4.57920931101	759.783608461	5.25015928822
206.5	0.08842	6.00484261501	4.69903922416	796.198580125	5.31196677162
207.0	0.08707	5.99033816425	4.78604102963	821.969142862	5.3544378076
207.5	0.0869	5.97590361446	4.79718993096	821.828116124	5.35420812517
208.0	0.08876	5.96153846154	4.67754809374	777.594577611	5.2806612149
208.5	0.08818	5.94724220624	4.71431000454	786.081411841	5.29501118339
209.0	0.08868	5.93301435407	4.68258988724	771.832468231	5.27085126096
209.5	0.0889	5.91885441527	4.66874696288	763.61770456	5.25677026082
210.0	0.08624	5.90476190476	4.84089365492	817.063603609	5.34643100007
210.5	0.08617	5.89073634204	4.84556846292	814.758008847	5.34265535501
211.0	0.08684	5.87677725118	4.80113533855	796.097676803	5.31179846544
211.5	0.0847	5.86288416076	4.94553772137	840.716680702	5.38471120609
212.0	0.08455	5.84905660377	4.95593555588	840.277915342	5.38400850585
212.5	0.08339	5.83529411765	5.03761777251	864.123719818	5.42180609713
213.0	0.08183	5.82159624413	5.15114352255	899.272813979	5.47611886137
213.5	0.08228	5.80796252927	5.11795088965	883.567717795	5.45205163161
214.0	0.08141	5.79439252336	5.18245662756	901.752128061	5.47988940905
214.5	0.08145	5.78088578089	5.1794604205	896.515525055	5.47191640082
215.0	0.08139	5.76744186047	5.18395584286	893.900206438	5.46792135376
215.5	0.08105	5.75406032483	5.20955646206	898.566700004	5.47504357501
216.0	0.08177	5.74074074074	5.15559699706	875.979196183	5.4403075027
216.5	0.08089	5.72748267898	5.22167877426	894.433119193	5.46873611859
217.0	0.07932	5.71428571429	5.34324043369	932.252027173	5.52564950736
217.5	0.07857	5.70114942529	5.40303706822	948.856947661	5.55009204215
218.0	0.07639	5.6880733945	5.58355434023	1008.67644092	5.63557156723
218.5	0.07599	5.67505720824	5.61780813331	1016.42255275	5.64636011439
219.0	0.076	5.66210045662	5.61694736842	1011.47662235	5.63947872232
219.5	0.07602	5.64920273349	5.61522652197	1006.25692581	5.63218900757
220.0	0.07722	5.63636363636	5.51361647501	965.764229248	5.57465222275
220.5	0.07663	5.62358276644	5.56317471552	978.749564197	5.59329719011
221.0	0.07658	5.61085972851	5.56740987464	975.809886168	5.5890925791
221.5	0.07591	5.59819413093	5.6247024641	991.505248132	5.61143264441
222.0	0.07481	5.58558558559	5.72100344941	1021.13189286	5.65288903147
222.5	0.07466	5.57303370787	5.73435652023	1021.29856356	5.65311968564
223.0	0.0737	5.56053811659	5.8211105156	1047.72023912	5.68933272914
223.5	0.07314	5.548098434	5.87277453924	1061.63437404	5.70812852207
224.0	0.07225	5.53571428571	5.95654022491	1087.26520932	5.74227348848
224.5	0.07118	5.52338530067	6.06003506884	1120.36866672	5.78549121689
225.0	0.07121	5.51111111111	6.05709074638	1114.31119726	5.77765524356
225.5	0.07249	5.49889135255	5.93374810388	1064.6539992	5.71218313227
226.0	0.0724	5.48672566372	5.94227734807	1062.99770814	5.70996021234
226.5	0.07304	5.47461368653	5.88208407448	1036.97769045	5.67469276521
227.0	0.07288	5.46255506608	5.89703275521	1037.66874572	5.67563795109
227.5	0.07089	5.45054945055	6.08862598462	1101.33429193	5.76076010741
228.0	0.07011	5.43859649123	6.16670526387	1124.8123088	5.79121935438
228.5	0.06888	5.42669584245	6.29344116144	1166.39947102	5.84402181597
229.0	0.06886	5.41484716157	6.29553949753	1162.08611369	5.83861149408
229.5	0.06874	5.40305010893	6.30815527786	1161.66991156	5.83808864794
230.0	0.06947	5.39130434783	6.23208637469	1128.89779838	5.79647085457
230.5	0.06921	5.37960954447	6.25899453908	1133.7326558	5.80266721097
231.0	0.06836	5.36796536797	6.34839884143	1161.30907003	5.83763523379
231.5	0.06871	5.35637149028	6.31131614103	1142.82899296	5.81427156606
232.0	0.06764	5.34482758621	6.42589569486	1179.59994641	5.86048671835
232.5	0.06856	5.33333333333	6.32716214702	1138.7158993	5.80903303349
233.0	0.06914	5.32188841202	6.26627378941	1112.11644062	5.77480821036
233.5	0.06877	5.31049250535	6.30499718555	1121.08720147	5.7864186074
234.0	0.06964	5.29914529915	6.21460173464	1084.52173295	5.7386477125
234.5	0.06924	5.28784648188	6.25587938764	1094.29498831	5.75153282273
235.0	0.06844	5.27659574468	6.3398891993	1119.1053748	5.78385964307
235.5	0.0683	5.26539278132	6.35479421669	1119.60423012	5.78450409243
236.0	0.06918	5.25423728814	6.26211240532	1082.58269915	5.73608093584
236.5	0.06964	5.24312896406	6.21460173464	1061.71434208	5.7082360108
237.0	0.0706	5.23206751055	6.1174529745	1024.44337312	5.65746647849
237.5	0.07147	5.22105263158	6.03167735344	991.727478705	5.61174704695
238.0	0.07179	5.21008403361	6.00065332289	977.431947736	5.59141378086
238.5	0.07243	5.19916142558	5.93943189907	953.578427961	5.55698346403
239.0	0.0731	5.18828451883	5.87649528044	929.574821353	5.52167814061
239.5	0.07396	5.17745302714	5.79739103299	900.943432307	5.4786603977
240.0	0.07503	5.16666666667	5.70151606624	867.763925581	5.42750707129
240.5	0.07613	5.15592515593	5.60577812229	835.381815824	5.3761484763
241.0	0.07808	5.14522821577	5.44272852459	784.228517677	5.29188816733
241.5	0.07974	5.13457556936	5.31024873088	743.427852307	5.22167342916
242.0	0.08208	5.12396694215	5.13265793372	691.667359975	5.12831059685
242.5	0.08423	5.11340206186	4.97824227057	647.995426511	5.04536958911
243.0	0.08678	5.10288065844	4.80508624337	601.219692332	4.95174531387
243.5	0.09036	5.09240246407	4.57860186808	543.639746748	4.82867305116
244.0	0.09274	5.08196721311	4.43778686435	508.62370641	4.74896697645
244.5	0.0968	5.07157464213	4.2136892562	456.678591716	4.62277401368
245.0	0.10034	5.0612244898	4.03322760415	416.693440013	4.51808259365
245.5	0.1048	5.05091649695	3.82339236641	372.93926869	4.39450060619
246.0	0.11028	5.0406504065	3.58905367428	327.290246073	4.25337099984
246.5	0.11508	5.03042596349	3.40234361488	292.931360055	4.13705664174
247.0	0.12103	5.02024291498	3.19172213873	256.743593702	4.00290150435
247.5	0.12579	5.0101010101	3.0377737662	231.634806136	3.90122460447
248.0	0.13208	5.0	2.85162449425	203.294056405	3.77599291197
248.5	0.13907	4.98993963783	2.66484671353	176.82149154	3.64656334712
249.0	0.14644	4.97991967871	2.48758765911	153.462215374	3.51965719014
249.5	0.15579	4.96993987976	2.28734361673	129.230520461	3.37164058872
250.0	0.16434	4.96	2.12464292199	111.054268203	3.24626383602
250.5	0.17317	4.9500998004	1.97392114367	95.4745253475	3.12587694244
251.0	0.18163	4.94023904382	1.84366419892	82.9582481275	3.01796982411
251.5	0.1902	4.93041749503	1.72391177708	72.2432815112	2.91540816792
252.0	0.19984	4.92063492063	1.60192160128	62.1333549207	2.80757392982
252.5	0.20952	4.91089108911	1.49116702558	53.6257264404	2.7060966092
253.0	0.22	4.90118577075	1.38272727273	45.9277728326	2.60326779912
253.5	0.23027	4.89151873767	1.2864990509	39.6010210149	2.50857214635
254.0	0.23996	4.88188976378	1.20366061344	34.5290028226	2.42407475706
254.5	0.25197	4.87229862475	1.11034821784	29.2675383884	2.325929512
255.0	0.2637	4.86274509804	1.02794404626	24.9863005976	2.23576158658
255.5	0.27602	4.85322896282	0.949472937468	21.2337521007	2.14662748504
256.0	0.2899	4.84375	0.869682666437	17.7453703767	2.05244376672
256.5	0.30186	4.8343079922	0.807327005234	15.232373893	1.97556761305
257.0	0.31422	4.82490272374	0.748351805105	13.0373325903	1.90019069116
257.5	0.32648	4.81553398058	0.694727380544	11.1922585658	1.82906623944
258.0	0.3385	4.80620155039	0.646354874446	9.65041556145	1.76252994291
258.5	0.35063	4.79690522244	0.601319620255	8.32018579587	1.69837370056
259.0	0.36485	4.78764478764	0.552851202549	7.00584233451	1.62691584854
259.5	0.37842	4.77842003854	0.510493230273	5.95043369674	1.56184220748
260.0	0.39082	4.76923076923	0.474771342818	5.12702775551	1.50475715533
260.5	0.40434	4.76007677543	0.438753073651	4.36182521608	1.44516376789
261.0	0.41707	4.75095785441	0.407374523341	3.74584744626	1.39119344139
261.5	0.42935	4.74187380497	0.379226065564	3.23367481731	1.34098551314
262.0	0.44307	4.73282442748	0.350024854876	2.74434404682	1.28709214254
262.5	0.45586	4.72380952381	0.324757973501	2.35344688041	1.23858580977
263.0	0.46799	4.71482889734	0.302393897412	2.03272167575	1.19404166003
263.5	0.48157	4.70588235294	0.279055656395	1.72450235274	1.14595073582
264.0	0.49358	4.69696969697	0.259797010009	1.48903125435	1.10465319597
264.5	0.50616	4.68809073724	0.240909935198	1.27556160761	1.06273592003
265.0	0.51758	4.67924528302	0.224824236253	1.10672029974	1.02567428894
265.5	0.52853	4.67043314501	0.210285093467	0.964564546921	0.991020923305
266.0	0.54071	4.66165413534	0.195065103383	0.82687385765	0.953585888027
266.5	0.5524	4.65290806754	0.181341202028	0.711937589637	0.918566242517
267.0	0.56522	4.64419475655	0.167221301794	0.603120440719	0.881253818701
267.5	0.57759	4.63551401869	0.154460956821	0.512664492772	0.846171336481
268.0	0.58546	4.62686567164	0.146759310286	0.461089366107	0.824036173208
268.5	0.59419	4.61824953445	0.138576680944	0.409576566421	0.799988557577
269.0	0.60269	4.60966542751	0.130958897692	0.364425561885	0.776966346192
269.5	0.61038	4.60111317254	0.124351833612	0.327363472057	0.756410510015
270.0	0.61964	4.59259259259	0.116740147182	0.287446030124	0.732215770936
270.5	0.63025	4.58410351201	0.108460977787	0.247204209646	0.705121513775
271.0	0.6386	4.57564575646	0.102262730974	0.218947283758	0.684045342814
271.5	0.64748	4.56721915285	0.0959646246988	0.192099414359	0.662035853954
272.0	0.65816	4.55882352941	0.0887736915036	0.163784998688	0.636163181597
272.5	0.66437	4.5504587156	0.0847776817888	0.148824156816	0.621109765648
273.0	0.67264	4.54212454212	0.0796596764986	0.130916731184	0.601518222203
273.5	0.67708	4.53382084095	0.0770051739824	0.121890124836	0.590870258739
274.0	0.68346	4.52554744526	0.0733017086589	0.110045031981	0.575960380889
274.5	0.69048	4.51730418944	0.0693739358128	0.0982090117937	0.5598063691
275.0	0.69353	4.50909090909	0.0677143460989	0.093226495864	0.552566866913
275.5	0.7014	4.50090744102	0.0635599942971	0.0818404225635	0.534862273191
276.0	0.70432	4.49275362319	0.0620645888233	0.0777522510303	0.528053885799
276.5	0.70789	4.48462929476	0.0602694289367	0.07305454698	0.519890417865
277.0	0.71379	4.47653429603	0.0573811373793	0.065981492782	0.506822088532
277.5	0.71873	4.46846846847	0.0550365317296	0.0604810763106	0.495912297334
278.0	0.7258	4.46043165468	0.0517950124001	0.0533739889334	0.480653838915
278.5	0.73091	4.45242369838	0.0495337511458	0.0486402061823	0.469622452052
279.0	0.73596	4.44444444444	0.0473647491712	0.0443144585491	0.458813683663
279.5	0.73912	4.43649373882	0.0460401385431	0.0417208347827	0.451947769528
280.0	0.743	4.42857142857	0.0444475100942	0.0387455813997	0.443665384354
280.5	0.74849	4.42067736185	0.0422565966813	0.034895278742	0.432206872155
281.0	0.75323	4.4128113879	0.0404228674508	0.03181888563	0.422348777456
281.5	0.75865	4.40497335702	0.0383904451987	0.02859781609	0.411228511006
282.0	0.76051	4.39716312057	0.0377085509066	0.0274931714467	0.407198538034
282.5	0.76236	4.38938053097	0.0370381247704	0.0264304432645	0.403205188175
283.0	0.76349	4.3816254417	0.0366324248517	0.025763320367	0.400636449566
283.5	0.76451	4.37389770723	0.0362686819662	0.0251652234137	0.398290729112
284.0	0.77238	4.3661971831	0.033539750123	0.0214450140769	0.382676315584
284.5	0.77808	4.35852372583	0.0316474439646	0.0190263774441	0.371397543586
285.0	0.78465	4.35087719298	0.0295517890142	0.0165318404495	0.358575242918
285.5	0.78876	4.34325744308	0.0282863847051	0.0150933635337	0.35050684859
286.0	0.78835	4.33566433566	0.0284110626625	0.0151735171565	0.350971268232
286.5	0.79254	4.32809773124	0.0271529838242	0.0138111308374	0.342813021465
287.0	0.79332	4.32055749129	0.0269226934906	0.0135305855208	0.341058712023
287.5	0.79814	4.31304347826	0.025526511389	0.0121213391632	0.331808609697
288.0	0.79915	4.30555555556	0.0252397688169	0.0118094355452	0.329653191779
288.5	0.79651	4.29809358752	0.0259935092466	0.0124819249184	0.334249211532
289.0	0.7999	4.29065743945	0.0250281347668	0.0115320005506	0.327699790407
289.5	0.79962	4.28324697755	0.0251070160826	0.0115647549758	0.327932234999
290.0	0.80052	4.27586206897	0.024854013891	0.0112938092412	0.325994379182
290.5	0.80418	4.26850258176	0.0238413492004	0.0103564939193	0.319009185784
291.0	0.80281	4.26116838488	0.0242173715449	0.0106490631381	0.321238693174
291.5	0.8036	4.2538593482	0.024000099552	0.0104229904167	0.319520027286
292.0	0.80536	4.24657534247	0.0235203695242	0.00997621840936	0.316039588133
292.5	0.80287	4.23931623932	0.0242008275935	0.0105257261092	0.320304482363
293.0	0.80589	4.23208191126	0.0233770688928	0.00978787113871	0.314537232136
293.5	0.80534	4.22487223169	0.0235257876177	0.00987905727362	0.315267262548
294.0	0.80635	4.21768707483	0.0232531298444	0.00961859287711	0.31316836557
294.5	0.80832	4.21052631579	0.0227269041964	0.00915700253696	0.309341604372
295.0	0.80667	4.20338983051	0.0231671494539	0.00948297354703	0.312058584911
295.5	0.8091	4.19627749577	0.0225205846002	0.00893074563089	0.307412788201
296.0	0.81094	4.18918918919	0.022038426764	0.00852356202186	0.303847229947
296.5	0.81531	4.18212478921	0.0209186665808	0.00765353320239	0.29577774437
297.0	0.82019	4.17508417508	0.0197098453407	0.00677168744639	0.286862795384
297.5	0.82417	4.16806722689	0.0187559538081	0.00611149891763	0.279599850459
298.0	0.82526	4.1610738255	0.0184996653176	0.00592568532598	0.277449947078
298.5	0.82533	4.1541038526	0.0184832787491	0.00589539251685	0.277094675987
299.0	0.82567	4.14715719064	0.018403810784	0.00582527607644	0.276267074093
299.5	0.82481	4.14023372287	0.0186052158073	0.00593361195013	0.277542684837
300.0	0.82852	4.13333333333	0.0177457335973	0.00538008052497	0.270830264561
300.5	0.82851	4.12645590682	0.0177480175858	0.00536357204282	0.270622268118
301.0	0.83098	4.1196013289	0.0171891985367	0.00501443071094	0.266106454515
301.5	0.83284	4.1127694859	0.016775410403	0.00476008869421	0.262665939967
302.0	0.83319	4.1059602649	0.0166982177535	0.00470077781803	0.261843882095
302.5	0.83496	4.09917355372	0.0163110817285	0.00447052100688	0.258576787152
303.0	0.83353	4.09240924092	0.0166234334097	0.00462806627381	0.260825406166
303.5	0.83199	4.08566721582	0.0169637616438	0.00480363834259	0.263264666837
304.0	0.83168	4.07894736842	0.0170327664486	0.00482688093336	0.263582544723
304.5	0.83279	4.07224958949	0.0167864552288	0.00467290303574	0.26145484393
305.0	0.83061	4.06557377049	0.0172722289041	0.0049310619821	0.264993435372
305.5	0.83238	4.0589198036	0.0168771861409	0.00469268088264	0.261731054819
306.0	0.82729	4.0522875817	0.0180279854102	0.00533697186364	0.270286110262
306.5	0.8235	4.04567699837	0.0189145415908	0.00585563574437	0.276626328914
307.0	0.82262	4.03908794788	0.0191240575235	0.0059665969539	0.27792759895
307.5	0.82095	4.0325203252	0.0195254902856	0.00619950515939	0.280601027148
308.0	0.83083	4.02597402597	0.0172228307235	0.00480785103901	0.263322367349
308.5	0.84041	4.01944894652	0.0151527040968	0.00370948242966	0.246790438467
309.0	0.84892	4.01294498382	0.0134436498139	0.00291045436434	0.232268437556
309.5	0.86824	4.00646203554	0.00999763751958	0.00160441545548	0.200137840418
310.0	0.87514	4.0	0.00890715748337	0.00126939927094	0.188755476566
310.5	0.88403	3.99355877617	0.00760666544122	0.000922802563061	0.174291897489
311.0	0.88182	3.98713826367	0.00791914018734	0.00099696211306	0.17769273158
311.5	0.86223	3.98073836276	0.0110066762349	0.00191972779016	0.209319608099
312.0	0.84436	3.97435897436	0.0143444796059	0.0032501527852	0.238767902479
312.5	0.84212	3.968	0.0147996095568	0.00344860809226	0.242332108317
313.0	0.85269	3.96166134185	0.0127245752266	0.00254121425226	0.224522733296
313.5	0.86697	3.95534290271	0.0102062244945	0.00162966565724	0.200920674939
314.0	0.88791	3.94904458599	0.00707513604982	0.000780645148586	0.167152707764
314.5	0.87839	3.94276629571	0.00841823796947	0.00110165210211	0.182184370722
315.0	0.87637	3.93650793651	0.00872027619613	0.00117837289354	0.185276648433
315.5	0.87617	3.93026941363	0.0087505101179	0.0011828001904	0.185450430763
316.0	0.85803	3.92405063291	0.0117452075685	0.00212417648926	0.214682996981
316.5	0.86676	3.91785150079	0.0102409534358	0.00160981779781	0.200306102723
317.0	0.86194	3.91167192429	0.0110567809824	0.00187060572793	0.207967544925
317.5	0.86133	3.90551181102	0.0111626025449	0.00190058297295	0.208795776013
318.0	0.87062	3.89937106918	0.00961337001218	0.00140520746101	0.19361326634
318.5	0.87341	3.89324960754	0.00917382907226	0.00127563311568	0.188986789049
319.0	0.8739	3.88714733542	0.00909784300263	0.00125065890714	0.18805492864
319.5	0.87474	3.88106416275	0.00896841781558	0.00121152759572	0.186566355436
320.0	0.87541	3.875	0.00886594173016	0.00118030204336	0.185352432421
320.5	0.87062	3.86895475819	0.00961337001218	0.00138337084739	0.192856666078
321.0	0.87285	3.86292834891	0.00926111158847	0.0012798513761	0.189142830944
321.5	0.86919	3.85692068429	0.00984321960676	0.00144130457392	0.194844854439
322.0	0.88403	3.85093167702	0.00760666544122	0.000858065138357	0.171151245698
322.5	0.8815	3.84496124031	0.00796497447533	0.000937891735934	0.175000051822
323.0	0.88492	3.83900928793	0.00748282692221	0.000825219963716	0.169489356758
323.5	0.88695	3.83307573416	0.00720463526693	0.000762638629565	0.166180361701
324.0	0.86711	3.82716049383	0.0101831094671	0.0015188475141	0.197414270651
324.5	0.86234	3.82126348228	0.0109877053134	0.0017629012049	0.204907093748
325.0	0.85588	3.81538461538	0.0121340458943	0.00214332443333	0.215165173826
325.5	0.8531	3.80952380952	0.0126477611066	0.00232150002371	0.219503865735
326.0	0.85974	3.8036809816	0.0114411726801	0.00189386601583	0.208611051794
326.5	0.86909	3.797856049	0.0098594093247	0.00140209936799	0.19350611707
327.0	0.8782	3.79204892966	0.00844639034389	0.00102586487793	0.178966827829
327.5	0.8746	3.78625954198	0.00898991538989	0.00115859585466	0.184494316787
328.0	0.87978	3.78048780488	0.00821389915661	0.000964260587746	0.176217324892
328.5	0.86729	3.77473363775	0.0101534343184	0.0014689213734	0.195771576232
329.0	0.86096	3.76899696049	0.0112270730348	0.00179054264967	0.205705624967
329.5	0.87483	3.76327769347	0.00895461341061	0.00113560217288	0.183572048259
330.0	0.86916	3.75757575758	0.00984807492291	0.00136936170548	0.19236654488
330.5	0.8835	3.75189107413	0.00768095642332	0.000830483570335	0.169758981634
331.0	0.87654	3.74622356495	0.00869462409017	0.00106093555239	0.180477161034
331.5	0.871	3.74057315234	0.00955281285878	0.00127684695374	0.189031730958
332.0	0.88676	3.73493975904	0.00723042176012	0.000729280271082	0.164332558267
332.5	0.88466	3.72932330827	0.00751888612574	0.000786261636444	0.167452552327
333.0	0.89546	3.72372372372	0.00610223326558	0.000516336127772	0.150741602681
333.5	0.89151	3.71814092954	0.00660120475373	0.000602418223863	0.156665917095
334.0	0.88132	3.7125748503	0.00799082194889	0.000880102681883	0.17223973003
334.5	0.88106	3.70702541106	0.00802824075545	0.000885710721598	0.172513455958
335.0	0.88788	3.70149253731	0.00707916294995	0.000686621778707	0.161874855458
335.5	0.90211	3.69597615499	0.00531113284411	0.000385329846888	0.140106460764
336.0	0.91035	3.69047619048	0.00441430356456	0.000265392842937	0.127635740302
336.5	0.90448	3.68499257058	0.00504382098001	0.000345455857395	0.136332104945
337.0	0.90622	3.67952522255	0.00485240250712	0.000318784506301	0.133620871928
337.5	0.89427	3.67407407407	0.00625025601888	0.000527340868333	0.15153845583
338.0	0.87601	3.66863905325	0.00877474007146	0.00103628327933	0.179419491997
338.5	0.86292	3.66322008863	0.0108879886896	0.00159082111365	0.199712540649
339.0	0.84401	3.65781710914	0.014415042535	0.00278019866429	0.229624888054
339.5	0.84904	3.65243004418	0.0134204051635	0.00240267521247	0.221398037535
340.0	0.85938	3.64705882353	0.0115047967139	0.00176053001908	0.204838156525
340.5	0.87727	3.64170337739	0.00858495839365	0.000977429690987	0.176815926819
341.0	0.88977	3.63636363636	0.006827974027	0.0006164790653	0.157572194444
341.5	0.9046	3.63103953148	0.00503048861375	0.000333643213106	0.135151407759
342.0	0.90727	3.62573099415	0.00473886103365	0.000295215465193	0.131079500025
342.5	0.91206	3.6204379562	0.00423954761748	0.000235592387684	0.123891158326
343.0	0.9093	3.61516034985	0.00452352908831	0.000267429864926	0.127879955433
343.5	0.88696	3.60989810771	0.00720327951655	0.000676161474641	0.161254783173
344.0	0.88324	3.60465116279	0.0077175499298	0.000773900952125	0.166790513304
344.5	0.88817	3.59941944848	0.00704029009086	0.000642164105526	0.159188432607
345.0	0.89339	3.59420289855	0.00636099133637	0.000522702754022	0.151204145111
345.5	0.90352	3.58900144718	0.00515118115814	0.000341791229199	0.135969101752
346.0	0.89836	3.5838150289	0.00574974932098	0.000424608803251	0.143548033874
346.5	0.89232	3.57864357864	0.00649709879864	0.000540599742285	0.152482133037
347.0	0.88737	3.5734870317	0.0071478170887	0.000652426032703	0.159820623423
347.5	0.87624	3.56834532374	0.0087399214827	0.000972632583742	0.176598578569
348.0	0.87436	3.5632183908	0.0090268365433	0.0010345608487	0.179344891151
348.5	0.88278	3.5581061693	0.00778253268085	0.000766795775575	0.166406362692
349.0	0.88428	3.55300859599	0.00757176369476	0.000723746738851	0.164019942368
349.5	0.89886	3.54792560801	0.00569015174777	0.000407564836428	0.142085309231
350.0	0.90863	3.54285714286	0.00459399144866	0.000264903469592	0.127576860826
350.5	0.90993	3.53780313837	0.00445781812887	0.000248720749546	0.12558217615
351.0	0.91364	3.53276353276	0.0040815034368	0.000207907171698	0.120079084359
351.5	0.91576	3.52773826458	0.00387458373373	0.000186828365093	0.116912434312
352.0	0.91464	3.52272727273	0.00398316802239	0.000196886208966	0.118455116497
352.5	0.89915	3.51773049645	0.00565574292387	0.000395826120014	0.141050981434
353.0	0.88672	3.51274787535	0.0072358570913	0.000646061589256	0.159429425213
353.5	0.883	3.50777934936	0.00775141562854	0.000739310003407	0.164894680539
354.0	0.88731	3.50282485876	0.0071559185065	0.000628300808254	0.158322232273
354.5	0.89355	3.49788434415	0.00634077695708	0.000491921545793	0.148927178339
355.0	0.90616	3.49295774648	0.00485893528737	0.000288050673043	0.130276842346
355.5	0.91003	3.48804500703	0.00444743629331	0.000240648761993	0.124550624073
356.0	0.90919	3.48314606742	0.00453505653384	0.000249521966826	0.125683190329
356.5	0.92177	3.47826086957	0.00331966374475	0.000133325276409	0.107455369822
357.0	0.92438	3.47338935574	0.00309309180207	0.000115423053138	0.103650914813
357.5	0.91359	3.46853146853	0.00408645459123	0.000200902172371	0.119054593966
358.0	0.91312	3.46368715084	0.00413315577361	0.000204946669076	0.119649314856
358.5	0.89922	3.45885634589	0.00564745468295	0.000381566782275	0.139763137015
359.0	0.89749	3.45403899721	0.00585427141249	0.000408884059113	0.142200146832
359.5	0.90408	3.44923504868	0.00508840279621	0.000308041015258	0.132480554296
360.0	0.90329	3.44444444444	0.00517708825516	0.000317987102869	0.133537234054
360.5	0.90544	3.43966712899	0.00493770630854	0.00028845850068	0.130322929993
361.0	0.90163	3.43490304709	0.00536620171245	0.000339752728807	0.135765911087
361.5	0.89471	3.43015214385	0.0061952946206	0.000451596633441	0.14577655204
362.0	0.8967	3.42541436464	0.00595008921601	0.000415406401185	0.142763864726
362.5	0.89433	3.42068965517	0.00624274535127	0.000456014432914	0.14613177082
363.0	0.89369	3.41597796143	0.00632311881077	0.000466544210755	0.146968141123
363.5	0.88965	3.41127922971	0.00684377142697	0.000545036431401	0.152794029077
364.0	0.88022	3.40659340659	0.00814980822976	0.000770788776582	0.166622576443
364.5	0.88425	3.40192043896	0.00757594713034	0.000664235641883	0.160538996469
365.0	0.88805	3.39726027397	0.0070563608468	0.000574670898016	0.154829888535
365.5	0.8954	3.3926128591	0.00610964931874	0.000429636504411	0.143971090304
366.0	0.90332	3.38797814208	0.00517370499934	0.000307244787324	0.132394861877
366.5	0.90327	3.38335607094	0.00517934443743	0.000307075380983	0.132376608379
367.0	0.90468	3.37874659401	0.00502161117743	0.000287870661966	0.130256484146
367.5	0.9064	3.37414965986	0.00483283318623	0.000265908544842	0.127697699476
368.0	0.90768	3.36956521739	0.00469492684647	0.000250268040028	0.125777033675
368.5	0.90753	3.36499321574	0.00471097423777	0.000251298470025	0.125906299881
369.0	0.90552	3.36043360434	0.00492891951586	0.000274343131295	0.128698511158
369.5	0.90242	3.35588633288	0.00527573435872	0.000313458697698	0.133059253081
370.0	0.90186	3.35135135135	0.00533977535316	0.000320247608358	0.133773926255
370.5	0.90186	3.34682860999	0.00533977535316	0.000319383825587	0.133683629973
371.0	0.90224	3.3423180593	0.00529627238872	0.000313354673891	0.133048212509
371.5	0.90411	3.33781965007	0.00508505165301	0.000288082230979	0.130280410381
372.0	0.90547	3.33333333333	0.00493441025103	0.000270537828061	0.128249889552
372.5	0.90657	3.3288590604	0.00481439100125	0.000256846429852	0.126595533511
373.0	0.90495	3.32439678284	0.00499171363059	0.000275375330532	0.1288193958
373.5	0.90504	3.31994645248	0.00498176964554	0.000273545416542	0.128604853959
374.0	0.90591	3.31550802139	0.00488620729432	0.000262448407171	0.127280239937
374.5	0.90384	3.31108144192	0.00511525579749	0.000286862935824	0.130142339543
375.0	0.90407	3.30666666667	0.00508952011459	0.00028322690403	0.129727971202
375.5	0.90506	3.30226364847	0.00497956135505	0.00027039936248	0.128233476316
376.0	0.90155	3.29787234043	0.0053754104043	0.000314261323802	0.133144347574
376.5	0.90195	3.29349269588	0.00532945423804	0.000308090909415	0.13248591852
377.0	0.90529	3.28912466844	0.00495420478521	0.000265526932819	0.127651859256
377.5	0.90562	3.28476821192	0.00491794814602	0.000260962046195	0.127099644917
378.0	0.90771	3.28042328042	0.00469172097917	0.000236877670415	0.124059786899
378.5	0.90916	3.27608982827	0.00453820317656	0.000221044377979	0.121932609524
379.0	0.90845	3.27176781003	0.00461302355661	0.000227790860457	0.122852521258
379.5	0.90784	3.2674571805	0.00467784279168	0.000233620556771	0.123631108621
380.0	0.90793	3.26315789474	0.00466824804776	0.000232051310602	0.12342297384
380.5	0.90884	3.25886990802	0.00457184190837	0.000221981333903	0.122061615668
381.0	0.90811	3.25459317585	0.00464909102422	0.000228944132429	0.123007723015
381.5	0.90854	3.250327654	0.00460350210227	0.000223888082786	0.122322893149
382.0	0.90866	3.24607329843	0.0045908236304	0.000222074074755	0.122074362601
382.5	0.90855	3.24183006536	0.00460244482967	0.000222616665765	0.122148860097
383.0	0.90756	3.23759791123	0.0047077623518	0.000232313734041	0.123457853362
383.5	0.90776	3.2333767927	0.00468638054111	0.000229608380759	0.123096848389
384.0	0.90756	3.22916666667	0.0047077623518	0.000231105342154	0.123296996156
384.5	0.90862	3.22496749025	0.00459504765469	0.000219599183782	0.121732819332
385.0	0.91023	3.22077922078	0.00442671242433	0.000203275262393	0.119404620483
385.5	0.90961	3.21660181582	0.00449112922022	0.000208691954935	0.12019223937
386.0	0.91069	3.21243523316	0.00437924875644	0.00019791011521	0.118608823449
386.5	0.90939	3.20827943079	0.00451410951297	0.000209743521651	0.120343361673
387.0	0.9106	3.20413436693	0.00438851306831	0.000197722563357	0.118580713195
387.5	0.91077	3.2	0.00437102281586	0.000195643806277	0.118267802088
388.0	0.91133	3.19587628866	0.00431367830533	0.000190053305575	0.117413722422
388.5	0.91171	3.19176319176	0.00427500197431	0.000186180401838	0.116810932478
389.0	0.90996	3.18766066838	0.00445470218471	0.000201642242003	0.119164084117
389.5	0.90985	3.18356867779	0.00446613315382	0.000202158394746	0.119240268447
390.0	0.90686	3.17948717949	0.00478302031185	0.000231269630556	0.12331890269
390.5	0.90674	3.17541613316	0.00479598760394	0.000231930250863	0.123406873439
391.0	0.90826	3.17135549872	0.00463315988814	0.000215895917977	0.12121632352
391.5	0.90918	3.16730523627	0.00453610528168	0.000206417298187	0.119863380609
392.0	0.91272	3.16326530612	0.0041731299851	0.000174258937229	0.114894374535
392.5	0.91321	3.15923566879	0.00412419054763	0.000169762394854	0.114145914876
393.0	0.91405	3.15521628499	0.00404102756961	0.00016257055799	0.11291729715
393.5	0.91556	3.15120711563	0.00389385381624	0.000150561240107	0.110771566085
394.0	0.91461	3.14720812183	0.00398609904768	0.000157379114935	0.112004836044
394.5	0.9153	3.14321926489	0.00391898284715	0.000151738602701	0.110987487511
395.0	0.91393	3.13924050633	0.00405285136717	0.000161871552794	0.112795723225
395.5	0.91406	3.13527180784	0.00404004310439	0.00016044359783	0.112546138306
396.0	0.91586	3.13131313131	0.00386496822658	0.000146468709277	0.110011025629
396.5	0.91559	3.12736443884	0.00389095998209	0.000148071172505	0.110310697038
397.0	0.91646	3.1234256927	0.00380754839273	0.000141433803371	0.1090531727
397.5	0.91719	3.11949685535	0.00373831817835	0.000135994589209	0.107989220766
398.0	0.91562	3.11557788945	0.0038880673205	0.000146738737473	0.11006169441
398.5	0.91583	3.11166875784	0.00386785151174	0.000144852603331	0.109706302048
399.0	0.91585	3.10776942356	0.00386592919146	0.000144346204673	0.109610293927
399.5	0.91547	3.10387984981	0.00390254235529	0.000146725316015	0.110059177626
400.0	0.91539	3.1	0.00391027436393	0.000146939260228	0.110099275784
400.5	0.91521	3.0961298377	0.00392770189355	0.000147882017094	0.110275450696
401.0	0.91565	3.09226932668	0.00388517583138	0.000144336437533	0.109608439694
401.5	0.9144	3.08841843088	0.00400664916885	0.00015312105182	0.111239422595
402.0	0.91385	3.08457711443	0.00406074437818	0.000156892638832	0.111918180724
402.5	0.91371	3.08074534161	0.0040745773276	0.000157571159019	0.11203898929
403.0	0.91248	3.07692307692	0.00419721550061	0.00016678454872	0.113642022301
403.5	0.91222	3.07311028501	0.00422339369889	0.000168453262864	0.113925215004
404.0	0.91267	3.06930693069	0.00417814155171	0.000164454945789	0.113243096134
404.5	0.91476	3.06551297899	0.00397145568236	0.000148219641887	0.110338338486
405.0	0.91678	3.06172839506	0.00377711577478	0.000133737720826	0.107538377424
405.5	0.91812	3.05795314427	0.00365112098636	0.000124656262587	0.10566435965
406.0	0.91943	3.05418719212	0.00353018984588	0.000116248518279	0.103835738612
406.5	0.91881	3.05043050431	0.0035871486488	0.000119734972351	0.104605677005
407.0	0.91759	3.04668304668	0.00370067682734	0.000127120874912	0.106182810996
407.5	0.91727	3.04294478528	0.00373077332737	0.000128880101821	0.106548285963
408.0	0.91515	3.03921568627	0.00393352046113	0.000142917651601	0.109338086172
408.5	0.91455	3.03549571603	0.00399196462741	0.000146836024368	0.110079932436
409.0	0.91551	3.03178484108	0.0038986794792	0.000139711391643	0.108719627231
409.5	0.91554	3.02808302808	0.0038957836905	0.000139163463314	0.108612874349
410.0	0.91628	3.0243902439	0.00382472519317	0.000133806166938	0.107552134148
410.5	0.91602	3.02070645554	0.00384961048885	0.000135223018233	0.107835723464
411.0	0.91499	3.01703163017	0.00394905960721	0.000141953826765	0.109153276379
411.5	0.91635	3.01336573512	0.00381804032302	0.00013236851989	0.107262071044
412.0	0.91864	3.00970873786	0.003602852913	0.000117582314048	0.104132309556
412.5	0.9209	3.00606060606	0.00339711695081	0.000104283707126	0.101054141132
413.0	0.92252	3.00242130751	0.00325366951394	9.54311468932e-05	0.098837678424
413.5	0.92183	2.99879081016	0.00331435779916	9.87850271816e-05	0.0996948630055
414.0	0.92137	2.99516908213	0.00335515422686	0.000100987510098	0.100245968528
414.5	0.91983	2.99155609168	0.00349370476066	0.000109236230173	0.102233134351
415.0	0.91815	2.98795180723	0.00364832679845	0.000118832338437	0.104407972161
415.5	0.918	2.98435619735	0.00366230936819	0.000119456935651	0.104544897817
416.0	0.91776	2.98076923077	0.00368474198047	0.000120634318118	0.104801553036
416.5	0.91852	2.97719087635	0.00361396071942	0.000115765783268	0.103727772951
417.0	0.92065	2.97362110312	0.00341955276164	0.000103397461941	0.100838753737
417.5	0.92117	2.97005988024	0.00337297616075	0.000100359145327	0.100089665661
418.0	0.92133	2.96650717703	0.0033587145214	9.92743359359e-05	0.0998180882072
418.5	0.92072	2.96296296296	0.003413262664	0.000102280270077	0.100565256706
419.0	0.92009	2.95942720764	0.00347009971851	0.000105462784707	0.101338578637
419.5	0.91988	2.95589988081	0.0034891585859	0.000106370416087	0.101555912916
420.0	0.91943	2.95238095238	0.00353018984588	0.000108627782081	0.10209047585
420.5	0.91972	2.94887039239	0.0035037176532	0.000106750415159	0.101646491581
421.0	0.92027	2.94536817102	0.00345380861052	0.000103484597404	0.100859991821
421.5	0.91934	2.9418742586	0.00353842735006	0.000108359945731	0.102027488144
422.0	0.92003	2.93838862559	0.00347553933024	0.000104294854691	0.101056841608
422.5	0.91907	2.9349112426	0.00356320242201	0.00010936313055	0.102262812635
423.0	0.91766	2.93144208038	0.00369411089074	0.000117268802866	0.104062827728
423.5	0.91815	2.9279811098	0.00364832679845	0.000114110079396	0.103354883524
424.0	0.91757	2.92452830189	0.00370255397408	0.000117250432536	0.10405875209
424.5	0.91945	2.9210836278	0.00352836070477	0.000106226759812	0.101521606999
425.0	0.92128	2.91764705882	0.00336316776659	9.62858733981e-05	0.0990582482306
425.5	0.92197	2.91421856639	0.00330199512999	9.25970387717e-05	0.0980955427834
426.0	0.92216	2.91079812207	0.00328525722217	9.14456243711e-05	0.0977891637801
426.5	0.92085	2.90738569754	0.00340159770864	9.78072841609e-05	0.0994472549992
427.0	0.91992	2.90398126464	0.00348552395861	0.000102452784166	0.100607635263
427.5	0.91953	2.90058479532	0.00352104928605	0.000104307452926	0.101059893245
428.0	0.91927	2.89719626168	0.00354484150467	0.000105474985962	0.101341509539
428.5	0.91876	2.89381563594	0.00359176368148	0.00010803319675	0.101950487503
429.0	0.91779	2.89044289044	0.00368193383018	0.000113261092016	0.103162102841
429.5	0.91747	2.88707799767	0.00371194747512	0.000114847270602	0.103521407853
430.0	0.91672	2.88372093023	0.00378281176368	0.00011899697489	0.104444116436
430.5	0.91736	2.88037166086	0.00372229528211	0.000114952574555	0.103545129504
431.0	0.91698	2.87703016241	0.00375816288251	0.000116906868586	0.103982440673
431.5	0.91595	2.87369640788	0.00385632539986	0.000122808694876	0.105270643815
432.0	0.91548	2.87037037037	0.00390157644077	0.000125416915921	0.105825183266
432.5	0.91548	2.86705202312	0.00390157644077	0.000125127102232	0.10576399495
433.0	0.91595	2.86374133949	0.00385632539986	0.000121959300111	0.105088146173
433.5	0.91698	2.86043829296	0.00375816288251	0.000115562349937	0.103682173108
434.0	0.91876	2.85714285714	0.00359176368148	0.000105312378315	0.10130242814
434.5	0.91904	2.85385500575	0.00356596100279	0.000103565948655	0.10087980798
435.0	0.91917	2.85057471264	0.00355401552488	0.000102636893209	0.100652803158
435.5	0.91928	2.84730195178	0.00354392481072	0.000101820693325	0.100452098189
436.0	0.9183	2.84403669725	0.00363437329849	0.000106838912306	0.101667551522
436.5	0.91817	2.84077892325	0.00364646465252	0.000107304735974	0.101778189851
437.0	0.9191	2.83752860412	0.00356044500054	0.000102067871761	0.100513006782
437.5	0.91856	2.83428571429	0.00361025605295	0.000104703998043	0.101155806338
438.0	0.91884	2.83105022831	0.00358438117627	0.000102973037831	0.100735113776
438.5	0.91815	2.82782212087	0.00364832679845	0.000106436758918	0.101571744225
439.0	0.91553	2.82460136674	0.00389674882309	0.000121148810859	0.10491311668
439.5	0.91499	2.82138794084	0.00394905960721	0.000124140356885	0.105554863239
440.0	0.91476	2.81818181818	0.00397145568236	0.000125267225519	0.105793592414
440.5	0.91397	2.81498297389	0.00404890800573	0.000129905447583	0.106759576147
441.0	0.91446	2.81179138322	0.00400077182162	0.000126547554462	0.106062885753
441.5	0.91518	2.80860702152	0.00393061059027	0.00012187145451	0.105069217674
442.0	0.91489	2.80542986425	0.00395878854288	0.000123345537273	0.105385499973
442.5	0.91527	2.80225988701	0.00392188802211	0.000120783385718	0.104833913815
443.0	0.91606	2.79909706546	0.0038457762592	0.000115878788514	0.103753077263
443.5	0.91664	2.79594137542	0.00379041368476	0.000112312823318	0.102945492622
444.0	0.9165	2.79279279279	0.0038037370431	0.000112849178547	0.103068178405
444.5	0.91742	2.78965129359	0.00371664908112	0.000107498636382	0.101824137202
445.0	0.9176	2.78651685393	0.00369973844813	0.000106283388992	0.101535134514
445.5	0.91707	2.78338945006	0.0037496510081	0.000108925522151	0.10216035952
446.0	0.91769	2.7802690583	0.00369129885909	0.000105325146001	0.101305498384
446.5	0.91679	2.7771556551	0.00377616689754	0.000109977237251	0.102406070397
447.0	0.91537	2.774049217	0.00391220866972	0.000117780215987	0.104176098012
447.5	0.91425	2.77094972067	0.00402136313919	0.000124166339069	0.10556038588
448.0	0.91287	2.76785714286	0.0041581150109	0.000132458653911	0.10728032594
448.5	0.9128	2.76477146042	0.00416511831727	0.000132609049184	0.107310764851
449.0	0.91354	2.76169265033	0.00409140902424	0.000127672242255	0.10629776212
449.5	0.91489	2.75862068966	0.00395878854288	0.000119263784845	0.104502612314
450.0	0.91641	2.75555555556	0.00381231550289	0.000110356015908	0.102494132337
450.5	0.91705	2.75249722531	0.00375154162805	0.000106628504813	0.101617458745
451.0	0.91754	2.74944567627	0.00370537066504	0.000103789544134	0.100934213
451.5	0.91795	2.74640088594	0.00366697668718	0.000101424799747	0.100354312425
452.0	0.9178	2.74336283186	0.00368099803879	0.000101975929561	0.100490363736
452.5	0.91789	2.74033149171	0.00367258173637	0.000101285935467	0.100319945116
453.0	0.91797	2.73730684327	0.00366510937177	0.000100651637427	0.100162512771
453.5	0.91872	2.73428886439	0.00359545802856	9.66489709506e-05	0.0991515045265
454.0	0.91969	2.73127753304	0.00350645114115	9.17206762843e-05	0.0978626140184
454.5	0.91933	2.72827282728	0.00353934327173	9.32440152569e-05	0.0982664442966
455.0	0.9196	2.72527472527	0.00351465854719	9.1745940171e-05	0.0978693522337
455.5	0.91849	2.72228320527	0.0036167405742	9.69396225287e-05	0.0992259649637
456.0	0.9176	2.71929824561	0.00369973844813	0.000101217528976	0.100303002304
456.5	0.91853	2.71631982475	0.00361303435925	9.63176748244e-05	0.0990664264902
457.0	0.91899	2.71334792123	0.00357056121394	9.38607318749e-05	0.0984285265939
457.5	0.91922	2.71038251366	0.00354942690542	9.25502609425e-05	0.0980831515499
458.0	0.92046	2.70742358079	0.00343665754079	8.65734907088e-05	0.096459772263
458.5	0.91986	2.70447110142	0.00349097667036	8.91371169825e-05	0.0971660718601
459.0	0.91949	2.70152505447	0.00352470396633	9.06699327708e-05	0.0975811256064
459.5	0.91928	2.69858541893	0.00354392481072	9.14621354824e-05	0.097793577601
460.0	0.91916	2.69565217391	0.00355493363506	9.18312935866e-05	0.0978921068394
460.5	0.91919	2.69272529859	0.00355217969081	9.14900689906e-05	0.0978010435455
461.0	0.91911	2.68980477223	0.00355952611766	9.16697163004e-05	0.0978490180746
461.5	0.91902	2.68689057421	0.00356780070075	9.18969573735e-05	0.0979096015389
462.0	0.91805	2.68398268398	0.00365764528076	9.63746002426e-05	0.0990810607417
462.5	0.91833	2.68108108108	0.00363158608561	9.48009267785e-05	0.0986740936034
463.0	0.91731	2.67818574514	0.00372700401173	9.96325185542e-05	0.099908002764
463.5	0.91815	2.67529665588	0.00364832679845	9.52645586842e-05	0.0987945164645
464.0	0.91943	2.6724137931	0.00353018984588	8.90027718074e-05	0.0971294395969
464.5	0.92065	2.66953713671	0.00341955276164	8.33317594848e-05	0.0955438281006
465.0	0.92287	2.66666666667	0.00322311750301	7.38736813382e-05	0.0927091150212
465.5	0.92357	2.66380236305	0.00316248086231	7.0967549903e-05	0.0917835714827
466.0	0.92357	2.66094420601	0.00316248086231	7.08153407245e-05	0.0917343181539
466.5	0.9234	2.65809217578	0.00317714966428	7.13206710779e-05	0.0918975335028
467.0	0.92384	2.65524625268	0.0031392587461	6.9480643968e-05	0.0912989869701
467.5	0.92357	2.65240641711	0.00316248086231	7.03616397626e-05	0.0915870325602
468.0	0.92419	2.64957264957	0.00310929359764	6.78695749575e-05	0.090765077402
468.5	0.92461	2.64674493063	0.0030735402494	6.61762250122e-05	0.090193553396
469.0	0.9258	2.64392324094	0.0029734499892	6.18043384023e-05	0.0886655148985
469.5	0.92688	2.64110756124	0.00288415674089	5.80242979312e-05	0.0872775353465
470.0	0.92622	2.63829787234	0.00293855045238	6.01054644779e-05	0.0880498234312
470.5	0.92705	2.63549415515	0.00287023488485	5.72214675512e-05	0.0869740608627
471.0	0.92688	2.63269639066	0.00288415674089	5.76553049213e-05	0.0871384475524
471.5	0.92746	2.62990455992	0.00283680784077	5.56595657156e-05	0.0863743820588
472.0	0.92807	2.62711864407	0.00278746479253	5.36263396349e-05	0.0855745331634
472.5	0.92796	2.62433862434	0.00279632829001	5.38537633322e-05	0.0856651173921
473.0	0.92761	2.62156448203	0.00282463109496	5.4833322318e-05	0.0860520339876
473.5	0.92705	2.61879619852	0.00287023488485	5.649867732e-05	0.086698098049
474.0	0.92755	2.61603375527	0.00282949840979	5.47905418449e-05	0.0860352448157
474.5	0.92847	2.61327713383	0.00275536145487	5.18475327038e-05	0.0848558959968
475.0	0.92886	2.61052631579	0.00272425317055	5.05767689156e-05	0.0843311009806
475.5	0.92998	2.60778128286	0.00263597088109	4.72523644111e-05	0.0829098035571
476.0	0.93152	2.60504201681	0.00251712813466	4.29971938316e-05	0.0809766914148
476.5	0.93141	2.60230849948	0.00252551942753	4.31935587836e-05	0.0810689871151
477.0	0.93172	2.59958071279	0.00250190958657	4.23009221174e-05	0.0806468592469
477.5	0.93121	2.59685863874	0.00254081469271	4.35354063839e-05	0.0812289147054
478.0	0.93076	2.59414225941	0.00257541020242	4.46354996585e-05	0.0817372647047
478.5	0.93118	2.59143155695	0.00254311325415	4.34321060176e-05	0.0811806869871
479.0	0.93245	2.58872651357	0.00244678132876	4.01201602489e-05	0.0795867306695
479.5	0.9341	2.58602711157	0.00232459586768	3.61377467609e-05	0.0775336568032
480.0	0.93546	2.58333333333	0.00222639749428	3.30800612239e-05	0.0758388215904
480.5	0.93803	2.58064516129	0.00204699258019	2.79054559725e-05	0.0726812320842
481.0	0.93813	2.57796257796	0.00204017401639	2.76622589045e-05	0.0725223570135
481.5	0.9381	2.57528556594	0.00204221831361	2.76601875317e-05	0.0725209993419
482.0	0.93773	2.57261410788	0.00206752098152	2.82910551242e-05	0.0729310197749
482.5	0.93616	2.56994818653	0.00217673560075	3.12939291857e-05	0.0747937010029
483.0	0.93697	2.56728778468	0.00212001499514	2.96228592006e-05	0.0737745796353
483.5	0.93753	2.56463288521	0.00208126721278	2.84908954302e-05	0.0730594712328
484.0	0.93787	2.56198347107	0.00205792748462	2.77979507971e-05	0.0726111300027
484.5	0.93784	2.55933952528	0.00205998123347	2.77960020757e-05	0.0726098574036
485.0	0.93748	2.55670103093	0.00208471135384	2.84087258964e-05	0.0730067371381
485.5	0.93826	2.55406797116	0.00203132799011	2.69168979163e-05	0.0720288120023
486.0	0.9386	2.55144032922	0.00200828894098	2.62556772585e-05	0.0715823260081
486.5	0.94008	2.54881808839	0.00190962811676	2.36905575611e-05	0.0697659994989
487.0	0.94083	2.54620123203	0.00186063842565	2.24444733489e-05	0.068829934271
487.5	0.94104	2.54358974359	0.00184704242115	2.20723142304e-05	0.0685428198896
488.0	0.94263	2.54098360656	0.00174581590868	1.96788909749e-05	0.0666039758875
488.5	0.94232	2.5383828045	0.00176531454283	2.00797560474e-05	0.0669406011331
489.0	0.94183	2.53578732106	0.00179636924923	2.07499414798e-05	0.0674922985691
489.5	0.94218	2.53319713994	0.00177415801651	2.01986607002e-05	0.0670394810036
490.0	0.9422	2.5306122449	0.00177289322861	2.01287299256e-05	0.0669813803473
490.5	0.94302	2.52803261978	0.00172144832559	1.89388379522e-05	0.0659687617009
491.0	0.94455	2.52545824847	0.00162760176804	1.68957195447e-05	0.0641127156679
491.5	0.94572	2.52288911495	0.0015577117963	1.54443823065e-05	0.062689186748
492.0	0.9464	2.52032520325	0.00151783601014	1.46339938773e-05	0.0618501443068
492.5	0.94559	2.51776649746	0.00156539731808	1.55338844935e-05	0.0627798130188
493.0	0.94569	2.51521298174	0.00155948360456	1.53854838325e-05	0.062629333439
493.5	0.94669	2.51266464032	0.00150099615502	1.42242119784e-05	0.061412539143
494.0	0.94637	2.51012145749	0.00151958372518	1.45491874617e-05	0.0617603409562
494.5	0.94832	2.50758341759	0.00140818626624	1.24689816925e-05	0.059423434183
495.0	0.94839	2.50505050505	0.00140427044781	1.23746944775e-05	0.0593107780637
495.5	0.94612	2.50252270434	0.00153418932059	1.47405593368e-05	0.0619624370691
496.0	0.94604	2.5	0.00153887869435	1.48009227245e-05	0.0620257747704
496.5	0.94508	2.49748237664	0.0015957413129	1.58829014918e-05	0.0631295161288
497.0	0.94524	2.49496981891	0.00158618848123	1.56617459994e-05	0.062908603448
497.5	0.94565	2.49246231156	0.00156184767091	1.51542535311e-05	0.0623926795077
498.0	0.94516	2.48995983936	0.00159096110711	1.56929218033e-05	0.0629398861033
498.5	0.94589	2.48746238716	0.00154769164491	1.48211506336e-05	0.0620469560384
499.0	0.94624	2.48496993988	0.00152716942847	1.44017982334e-05	0.0616033288294
499.5	0.94685	2.48248248248	0.0014917476369	1.37139670696e-05	0.0608542305587
500.0	0.94788	2.48	0.00143293159472	1.26285729913e-05	0.059612669416
500.5	0.94827	2.47752247752	0.00141098679701	1.22202785853e-05	0.0591248805925
501.0	0.94792	2.4750499002	0.0014306726306	1.25385829257e-05	0.0595061858263
501.5	0.94821	2.47258225324	0.00141435130404	1.22297079498e-05	0.0591362827223
502.0	0.9482	2.47011952191	0.00141491246572	1.22150452947e-05	0.059118549571
502.5	0.94742	2.46766169154	0.00145904477423	1.29630882323e-05	0.0600035740236
503.0	0.94818	2.46520874751	0.00141603514101	1.21858397465e-05	0.0590831804865
503.5	0.94846	2.46276067527	0.00140036037366	1.18938935266e-05	0.0587260798918
504.0	0.94881	2.46031746032	0.00138089612251	1.15426178585e-05	0.0582875873673
504.5	0.95	2.45787908821	0.00131578947368	1.04590886639e-05	0.0568687210323
505.0	0.95088	2.45544554455	0.00126870604072	9.704711504e-06	0.0558143224902
505.5	0.9518	2.45301681503	0.00122044547174	8.96267835627e-06	0.0547153841621
506.0	0.95204	2.45059288538	0.0012080173102	8.76372319323e-06	0.0544091777716
506.5	0.95248	2.44817374136	0.00118540567781	8.42206283146e-06	0.0538709481379
507.0	0.95258	2.44575936884	0.00118029792773	8.33317957887e-06	0.0537282487596
507.5	0.95187	2.44334975369	0.00121681369305	8.83933215586e-06	0.0545261536989
508.0	0.95161	2.44094488189	0.0012303318061	9.01904281309e-06	0.0548012055079
508.5	0.95193	2.43854473943	0.00121370526194	8.75967362971e-06	0.0544028912993
509.0	0.95131	2.43614931238	0.00124602710999	9.21430934742e-06	0.0550954452491
509.5	0.95183	2.43375858685	0.00121888829938	8.80000278963e-06	0.0544654006231
510.0	0.95171	2.43137254902	0.00122512325183	8.87283863051e-06	0.0545777522775
510.5	0.95125	2.42899118511	0.00124917871222	9.20663714074e-06	0.0550839729923
511.0	0.95174	2.42661448141	0.00122356294786	8.81564725734e-06	0.0544895913749
511.5	0.95294	2.42424242424	0.0011620057926	7.93539738937e-06	0.053075264857
512.0	0.95486	2.421875	0.00106697295939	6.67744430857e-06	0.0508337991499
512.5	0.9558	2.41951219512	0.00102199204855	6.11435520089e-06	0.0497264740835
513.0	0.9561	2.4171539961	0.00100784959732	5.93471808124e-06	0.0493571441803
513.5	0.95525	2.41480038948	0.00104818764721	6.40679088479e-06	0.0503106742028
514.0	0.95392	2.41245136187	0.00111296880242	7.20913426395e-06	0.0518168225879
514.5	0.95261	2.4101068999	0.00117876785883	8.0710341187e-06	0.0533006242923
515.0	0.9521	2.40776699029	0.00120492070161	8.41677745414e-06	0.053862494291
515.5	0.95198	2.40543161979	0.00121111809072	8.48709402812e-06	0.0539746398849
516.0	0.95268	2.40310077519	0.00117520174665	7.97570025037e-06	0.0531425274934
516.5	0.95418	2.40077444337	0.0011001448364	6.9759353653e-06	0.051392602651
517.0	0.9549	2.39845261122	0.0010650382239	6.52518266324e-06	0.0505415048169
517.5	0.95508	2.3961352657	0.00105635465092	6.4068146444e-06	0.0503107208471
518.0	0.95518	2.39382239382	0.00105154651479	6.33637435301e-06	0.0501718605919
518.5	0.95496	2.39151398264	0.00106213956606	6.45221786338e-06	0.0503996192817
519.0	0.95529	2.38921001927	0.00104627081829	6.24880366683e-06	0.0499976071619
519.5	0.95587	2.38691049086	0.00101868292759	5.91221640324e-06	0.0493102927058
520.0	0.95662	2.38461538462	0.000983579895883	5.50118144695e-06	0.0484299468482
520.5	0.95671	2.3823246878	0.000979410740977	5.44416936842e-06	0.0483039790051
521.0	0.9574	2.38003838772	0.000947754334656	5.08814503916e-06	0.0474941227796
521.5	0.95737	2.37775647172	0.000949119410468	5.09303259122e-06	0.0475055241069
522.0	0.95695	2.3754789272	0.000968338209938	5.29122832701e-06	0.0479610989461
522.5	0.957	2.37320574163	0.000966039707419	5.25606510693e-06	0.0478812174061
523.0	0.95674	2.37093690249	0.00097802307837	5.37697724362e-06	0.0481542418484
523.5	0.95702	2.36867239733	0.000965121105097	5.22605076281e-06	0.0478127150633
524.0	0.95694	2.36641221374	0.000968798252764	5.25590479827e-06	0.0478808523106
524.5	0.95657	2.36415633937	0.00098590009095	5.43273096263e-06	0.0482785868684
525.0	0.95612	2.3619047619	0.00100691042965	5.65596146895e-06	0.0487670640762
525.5	0.9545	2.35965746908	0.00108446830801	6.54834661728e-06	0.0505862999535
526.0	0.95451	2.35741444867	0.00108398031451	6.53002242433e-06	0.050550873934
526.5	0.95421	2.35517568851	0.00109867015646	6.69547318211e-06	0.0508680768478
527.0	0.95268	2.35294117647	0.00117520174665	7.64622364198e-06	0.052584984362
527.5	0.95395	2.35071090047	0.00111148514073	6.82662056179e-06	0.0511153620356
528.0	0.95389	2.34848484848	0.00111445350093	6.8501397389e-06	0.0511593311261
528.5	0.95512	2.34626300851	0.00105443001926	6.12052829947e-06	0.0497390203891
529.0	0.95842	2.34404536862	0.000901951336575	4.46990444557e-06	0.0459805921365
529.5	0.9588	2.3418319169	0.000885189820609	4.29718710192e-06	0.0455298338941
530.0	0.95905	2.33962264151	0.000874251863824	4.18374074682e-06	0.0452263137452
530.5	0.95747	2.33741753063	0.000944573145895	4.87465386116e-06	0.0469878902503
531.0	0.95511	2.3352165725	0.00105491100502	6.06856452681e-06	0.0496331105355
531.5	0.95439	2.33301975541	0.00108984382695	6.46495296924e-06	0.0504244700377
532.0	0.95319	2.33082706767	0.00114939104481	7.17721116345e-06	0.0517593639699
532.5	0.95415	2.32863849765	0.00110162055232	6.58064109956e-06	0.0506485540558
533.0	0.95638	2.32645403377	0.000994742884627	5.35563085463e-06	0.0481063779192
533.5	0.95711	2.32427366448	0.000960993041552	4.98901728731e-06	0.0472610920126
534.0	0.95786	2.32209737828	0.000926951537803	4.63313457308e-06	0.0463947382331
534.5	0.95857	2.3199251637	0.000895315365597	4.31419754407e-06	0.0455748246963
535.0	0.95677	2.31775700935	0.00097663644345	5.12391195297e-06	0.0475773681743
535.5	0.9563	2.31559290383	0.000998478510928	5.34566654981e-06	0.0480839864667
536.0	0.95607	2.31343283582	0.00100925920696	5.45154034925e-06	0.0483203206657
536.5	0.95508	2.31127679404	0.00105635465092	5.96105893055e-06	0.0494118203565
537.0	0.95517	2.30912476723	0.00105202681198	5.9013098191e-06	0.0492875356184
537.5	0.95482	2.30697674419	0.00106890953269	6.08090660881e-06	0.0496583269306
538.0	0.95486	2.30483271375	0.00106697295939	6.04763602226e-06	0.0495902629705
538.5	0.95509	2.30269266481	0.00105587332084	5.91147133643e-06	0.0493087390922
539.0	0.9552	2.30055658627	0.00105058626466	5.84156585448e-06	0.0491623143333
539.5	0.95587	2.2984244671	0.00101868292759	5.48199364551e-06	0.0483876612888
540.0	0.95654	2.2962962963	0.000987293578941	5.13982669513e-06	0.0476142687509
540.5	0.95622	2.2941720629	0.00100222145531	5.28663546782e-06	0.0479506878326
541.0	0.95674	2.29205175601	0.00097802307837	5.02512704436e-06	0.0473463780473
541.5	0.95648	2.28993536473	0.000990083640013	5.14032072405e-06	0.0476154128545
542.0	0.95575	2.28782287823	0.00102435914204	5.49223729224e-06	0.0484102497481
542.5	0.95595	2.28571428571	0.00101490794498	5.38142373499e-06	0.0481641940503
543.0	0.95511	2.28360957643	0.00105491100502	5.80330447973e-06	0.0490816144124
543.5	0.95439	2.28150873965	0.00108984382695	6.18262364847e-06	0.049864699097
544.0	0.95488	2.27941176471	0.00106600536193	5.90424471145e-06	0.0492936625057
544.5	0.95522	2.27731864096	0.00104962647348	5.71369631652e-06	0.0488910414504
545.0	0.95688	2.2752293578	0.000971560906279	4.88641589856e-06	0.0470162088737
545.5	0.95825	2.27314390467	0.000909503000261	4.27427177222e-06	0.0454690136393
546.0	0.95795	2.27106227106	0.000922909598622	4.3931538288e-06	0.0457819305953
546.5	0.95703	2.26898444648	0.000964661975069	4.79085864959e-06	0.0467846451043
547.0	0.95514	2.26691042048	0.00105346839207	5.7031098536e-06	0.0488683790975
547.5	0.95422	2.26484018265	0.00109817882669	6.18616152398e-06	0.0498718310714
548.0	0.95345	2.26277372263	0.00113634826158	6.61157847566e-06	0.0507079775385
548.5	0.95389	2.26071103008	0.00111445350093	6.34766519769e-06	0.0501941960994
549.0	0.95427	2.25865209472	0.00109572390414	6.12492752184e-06	0.0497479556495
549.5	0.95477	2.25659690628	0.00107133283409	5.84462710013e-06	0.049168753889
550.0	0.95566	2.25454545455	0.0010286271268	5.37816271931e-06	0.0481568958006
550.5	0.9545	2.25249772934	0.00108446830801	5.9670881494e-06	0.0494243098216
551.0	0.95325	2.25045372051	0.001146374246	6.65568890395e-06	0.0507923437834
551.5	0.95224	2.24841341795	0.0011977115013	7.25198298985e-06	0.0518936471099
552.0	0.95163	2.24637681159	0.00122928916701	7.62558776378e-06	0.0525494688794
552.5	0.95253	2.2443438914	0.00118285035642	7.04755405739e-06	0.0515240038416
553.0	0.95343	2.24231464738	0.00113734878282	6.50399864425e-06	0.0505004340069
553.5	0.95293	2.24028906956	0.0011625118844	6.78270490568e-06	0.0510329566834
554.0	0.95338	2.23826714801	0.00113985210514	6.50909862792e-06	0.0505103308298
554.5	0.95184	2.23624887286	0.00121836947386	7.42332180505e-06	0.0521974842559
555.0	0.95125	2.23423423423	0.00124917871222	7.78944568431e-06	0.052829516783
555.5	0.9512	2.23222322232	0.00125180824222	7.80819871216e-06	0.0528612847761
556.0	0.95006	2.23021582734	0.00131255057575	8.56891590688e-06	0.0541042610912
556.5	0.95065	2.22821203953	0.00128092489349	8.14629934353e-06	0.0534244538523
557.0	0.9505	2.22621184919	0.00128892688059	8.23359578078e-06	0.0535670075168
557.5	0.95084	2.22421524664	0.0012708266375	7.98962223813e-06	0.0531657030703
558.0	0.95169	2.22222222222	0.00122616403451	7.42458389886e-06	0.0521997027345
558.5	0.95186	2.22023276634	0.0012173321707	7.30491579553e-06	0.0519880829893
559.0	0.95148	2.21824686941	0.00123712027578	7.53084318217e-06	0.052385476793
559.5	0.95134	2.21626452189	0.00124445287699	7.60676677201e-06	0.0525170140093
560.0	0.95004	2.21428571429	0.00131362974191	8.4608357039e-06	0.0539328431604
560.5	0.95087	2.21231043711	0.00126923601544	7.88454997949e-06	0.052990037593
561.0	0.95078	2.21033868093	0.00127401102253	7.92983258792e-06	0.0530659574777
561.5	0.95038	2.20837043633	0.00129534733475	8.18307102874e-06	0.0534846404012
562.0	0.95084	2.20640569395	0.0012708266375	7.86218679712e-06	0.052952423259
562.5	0.94994	2.20444444444	0.00131903257048	8.45491714288e-06	0.0539234088503
563.0	0.94995	2.20248667851	0.00131849176272	8.43298683601e-06	0.0538884082445
563.5	0.94977	2.20053238687	0.00132824415385	8.54301867466e-06	0.0540633358036
564.0	0.94931	2.19858156028	0.00135333879344	8.85315819187e-06	0.0545474629664
564.5	0.94853	2.19663418955	0.00139645604251	9.40957518982e-06	0.0553850438943
565.0	0.94791	2.19469026549	0.00143123719551	9.8666495586e-06	0.0560457165232
565.5	0.94846	2.19274977896	0.00140036037366	9.42882939424e-06	0.0554133548867
566.0	0.94847	2.19081272085	0.00139980226048	9.40467709714e-06	0.0553778349066
566.5	0.94926	2.18887908208	0.00135608136865	8.81079385641e-06	0.0544820900978
567.0	0.94949	2.18694885362	0.00134348971553	8.63268601153e-06	0.0542046427276
567.5	0.94885	2.18502202643	0.00137868077146	9.0748420674e-06	0.0548857709526
568.0	0.9491	2.18309859155	0.00136487725213	8.87838329086e-06	0.0545862767257
568.5	0.94824	2.18117854002	0.00141266852274	9.49430040247e-06	0.0555092989143
569.0	0.94812	2.17926186292	0.00141940598237	9.56824088092e-06	0.0556170596613
569.5	0.94769	2.17734855136	0.00144368733447	9.88102973696e-06	0.0560661263716
570.0	0.94664	2.17543859649	0.00150389250401	1.07035353635e-05	0.0571981275761
570.5	0.94643	2.17353198948	0.00151608935685	1.08587959108e-05	0.0574044311532
571.0	0.94681	2.17162872154	0.00149405693856	1.05270200809e-05	0.0569608370672
571.5	0.94678	2.1697287839	0.00149579015188	1.05330037781e-05	0.0569689296654
572.0	0.94786	2.16783216783	0.00143406178128	9.66467014528e-06	0.0557566611277
572.5	0.948	2.16593886463	0.00142616033755	9.54177336057e-06	0.0555785579365
573.0	0.94745	2.16404886562	0.00145733416011	9.94609072203e-06	0.0561581902844
573.5	0.94691	2.16216216216	0.00148828721843	1.03549982505e-05	0.0567266983889
574.0	0.94606	2.16027874564	0.00153770564235	1.10348390072e-05	0.0576356904723
574.5	0.94568	2.15839860748	0.00156007444379	1.13384567913e-05	0.0580281182449
575.0	0.94533	2.15652173913	0.00158082833508	1.16218991992e-05	0.0583874187684
575.5	0.94545	2.15464813206	0.00157369638796	1.14972668237e-05	0.0582302497226
576.0	0.94545	2.15277777778	0.00157369638796	1.14773149544e-05	0.0582049706896
576.5	0.94576	2.15091066782	0.00155535104043	1.11918426379e-05	0.0578396157065
577.0	0.94637	2.14904679376	0.00151958372518	1.06645125879e-05	0.0571459231481
577.5	0.94624	2.14718614719	0.00152716942847	1.07526085701e-05	0.0572635751698
578.0	0.94653	2.14532871972	0.00151027484602	1.04978332932e-05	0.056921314126
578.5	0.94637	2.14347450303	0.00151958372518	1.06092799872e-05	0.0570717878653
579.0	0.94585	2.14162348877	0.00155004625469	1.10198468536e-05	0.0576161042395
579.5	0.94601	2.13977566868	0.00154063915815	1.08677178295e-05	0.0574162188308
580.0	0.94472	2.13793103448	0.00161734609196	1.19562038256e-05	0.0588028434985
580.5	0.9437	2.13608957795	0.00167939493483	1.28689940522e-05	0.059894390535
581.0	0.94234	2.13425129088	0.00176405310185	1.41747175564e-05	0.0613590466827
581.5	0.94051	2.13241616509	0.00188145798556	1.60965566156e-05	0.0633407564081
582.0	0.94055	2.13058419244	0.00187884881187	1.60243739039e-05	0.0632696260345
582.5	0.94083	2.12875536481	0.00186063842565	1.56882854344e-05	0.0629352367959
583.0	0.94156	2.1269296741	0.00181360380645	1.48795945729e-05	0.0621080329184
583.5	0.94304	2.12510711225	0.00172020359688	1.33635349068e-05	0.0604616977784
584.0	0.94331	2.12328767123	0.001703446428	1.3082014794e-05	0.0601407249639
584.5	0.94263	2.12147134303	0.00174581590868	1.37173819898e-05	0.0608580185388
585.0	0.94244	2.11965811966	0.00175775306651	1.38818506185e-05	0.0610396228673
585.5	0.94179	2.11784799317	0.0017989170091	1.45148257933e-05	0.0617238428616
586.0	0.94099	2.11604095563	0.00185027476381	1.53292387808e-05	0.0625720159448
586.5	0.94122	2.11423699915	0.00183543082382	1.50585577622e-05	0.0622939463921
587.0	0.93999	2.11243611584	0.0019155523463	1.63740162374e-05	0.0636119639542
587.5	0.93951	2.11063829787	0.00194731301423	1.68927035653e-05	0.0641098543578
588.0	0.939	2.10884353741	0.00198136315229	1.74589001969e-05	0.0646404275897
588.5	0.93819	2.10705182668	0.00203608869206	1.84053389546e-05	0.0654991938719
589.0	0.93858	2.10526315789	0.0020096403077	1.78998522607e-05	0.065044766895
589.5	0.93852	2.10347752332	0.00201369731066	1.79417223473e-05	0.0650827706214
590.0	0.93898	2.10169491525	0.00198270484994	1.73642282086e-05	0.0645526196337
590.5	0.9393	2.09991532599	0.00196129564569	1.69624935187e-05	0.0641759673491
591.0	0.93849	2.09813874788	0.00201572744515	1.78867742818e-05	0.0650328828966
591.5	0.93791	2.09636517329	0.00205519084987	1.8562573564e-05	0.0656386358948
592.0	0.93764	2.09459459459	0.00207370078068	1.88665347225e-05	0.0659057087514
592.5	0.9382	2.09282700422	0.00203540822852	1.81455322997e-05	0.0652668162642
593.0	0.93909	2.0910623946	0.00197533149112	1.70613722403e-05	0.0642692881396
593.5	0.93921	2.08930075821	0.00196730448994	1.68944901521e-05	0.0641115493689
594.0	0.93935	2.08754208754	0.0019579616224	1.67062443964e-05	0.0639322085693
594.5	0.93826	2.08578637511	0.00203132799011	1.79514592683e-05	0.065091598883
595.0	0.93808	2.08403361345	0.00204358178407	1.81381706913e-05	0.0652601956006
595.5	0.93843	2.08228379513	0.00201979098068	1.7688568826e-05	0.0648519701214
596.0	0.93776	2.08053691275	0.00206546323153	1.84665508974e-05	0.0655535849144
596.5	0.9384	2.07879295893	0.00202182438193	1.76648247583e-05	0.0648301958144
597.0	0.93802	2.0770519263	0.00204767510288	1.80890936747e-05	0.0652160066001
597.5	0.93723	2.07531380753	0.00210197758288	1.90293393612e-05	0.0660474306909
598.0	0.937	2.07357859532	0.00211792956243	1.92869709815e-05	0.0662698529276
598.5	0.93666	2.07184628237	0.00214162855252	1.9688079639e-05	0.0666117493747
599.0	0.93713	2.07011686144	0.00210890532797	1.90591660412e-05	0.0660732962595
599.5	0.93784	2.06839032527	0.00205998123347	1.81548022747e-05	0.0652751503526
600.0	0.93829	2.06666666667	0.00202928950538	1.75885034518e-05	0.0647600569624
600.5	0.9386	2.06494587843	0.00200828894098	1.71976751146e-05	0.0643972668005
601.0	0.93907	2.06322795341	0.00197667101494	1.66327176173e-05	0.0638617482749
601.5	0.93941	2.06151288446	0.00195396477576	1.62257794228e-05	0.0634675000375
602.0	0.93939	2.05980066445	0.00195529657544	1.62209268979e-05	0.0634627543153
602.5	0.93816	2.05809128631	0.00203813080924	1.75951662979e-05	0.0647661891642
603.0	0.93692	2.05638474295	0.00212349314776	1.90682340461e-05	0.0660811539761
603.5	0.93616	2.05468102734	0.00217673560075	2.00032324599e-05	0.0668767324292
604.0	0.93648	2.05298013245	0.00215423201777	1.955935125e-05	0.066502597943
604.5	0.93678	2.05128205128	0.00213324814791	1.91484451201e-05	0.0661505376905
605.0	0.93607	2.04958677686	0.0021830872157	2.00204942044e-05	0.0668911555441
605.5	0.93523	2.04789430223	0.00224284555671	2.10966653179e-05	0.0677724917379
606.0	0.93484	2.04620462046	0.00227088357366	2.15917508267e-05	0.0681666521178
606.5	0.93462	2.04451772465	0.00228678200766	2.18590504793e-05	0.0683766505985
607.0	0.93469	2.04283360791	0.00228171698638	2.17264884621e-05	0.0682727481761
607.5	0.935	2.04115226337	0.00225935828877	2.12677241774e-05	0.0679094565204
608.0	0.93346	2.03947368421	0.0023715914983	2.33946192505e-05	0.069547095198
608.5	0.93317	2.0377978636	0.00239305212341	2.37808033422e-05	0.0698323456899
609.0	0.93335	2.03612479475	0.00237971955858	2.34779592832e-05	0.0696089505578
609.5	0.93239	2.03445447088	0.00245128760497	2.48704984158e-05	0.0706189282512
610.0	0.93341	2.03278688525	0.00237528422665	2.33138968073e-05	0.0694870248656
610.5	0.93269	2.03112203112	0.00242880061971	2.43363679953e-05	0.0702366745219
611.0	0.93251	2.0294599018	0.00244227949298	2.45669745279e-05	0.0704024736781
611.5	0.93304	2.0278004906	0.00240270599331	2.37384146151e-05	0.069801206236
612.0	0.93327	2.02614379085	0.00238564022202	2.33641735119e-05	0.0695244570136
612.5	0.93398	2.02448979592	0.00233336923703	2.23150631384e-05	0.068730504221
613.0	0.93445	2.02283849918	0.00229910776393	2.16292309211e-05	0.0681962146944
613.5	0.93416	2.02118989405	0.00232021580886	2.19923176295e-05	0.0684806304357
614.0	0.93408	2.01954397394	0.00232605686879	2.20672027295e-05	0.0685388512627
614.5	0.93515	2.0179007323	0.00224858177832	2.05881332226e-05	0.067360335637
615.0	0.93416	2.0162601626	0.00232021580886	2.18851688601e-05	0.068397066487
615.5	0.93604	2.01462225833	0.0021852066151	1.93808253927e-05	0.0663503269459
616.0	0.93539	2.01298701299	0.00223139658324	2.01760187804e-05	0.0670206859327
616.5	0.93451	2.01135442011	0.00229475345368	2.13034172111e-05	0.0679379312471
617.0	0.9344	2.00972447326	0.00230273972603	2.14172027928e-05	0.0680284674452
617.5	0.93221	2.00809716599	0.00246483308482	2.44987810306e-05	0.0703535665924
618.0	0.93185	2.00647249191	0.00249204405215	2.50021784402e-05	0.0707122184582
618.5	0.93164	2.00485044462	0.00250799106951	2.52822623625e-05	0.0709094282224
619.0	0.93253	2.00323101777	0.00244077986767	2.39066815852e-05	0.0699245732091
619.5	0.93358	2.001614205	0.00236274148975	2.23662494392e-05	0.0687698838783
620.0	0.93405	2.0	0.00232824929072	2.1682979039e-05	0.0682385417594
620.5	0.93452	1.99838839645	0.00229402816419	2.10163498656e-05	0.0677078966182
621.0	0.93491	1.99677938808	0.00226583740681	2.04699911351e-05	0.0672634925548
621.5	0.9353	1.99517296862	0.00223783278093	1.99350058308e-05	0.0668196338871
622.0	0.93567	1.99356913183	0.00221143613667	1.94362020447e-05	0.0663976717897
622.5	0.93547	1.99196787149	0.00222568382738	1.96558395762e-05	0.0665844627239
623.0	0.93591	1.99036918138	0.00219440336143	1.90765658811e-05	0.0660883713078
623.5	0.93475	1.98877305533	0.00227738031559	2.05135856839e-05	0.0672992764329
624.0	0.93428	1.98717948718	0.00231146893865	2.10984385142e-05	0.0677739157798
624.5	0.93367	1.98558847078	0.00235611559759	2.18862660177e-05	0.0683979236994
625.0	0.93303	1.984	0.00240344946036	2.27380556e-05	0.0690539190007
625.5	0.93307	1.98241406875	0.00240047633082	2.26455878277e-05	0.06898360711
626.0	0.93231	1.98083067093	0.00245730288209	2.36925651731e-05	0.0697674774992
626.5	0.93089	1.97924980048	0.00256539016425	2.57814933952e-05	0.0712569152486
627.0	0.9292	1.97767145136	0.00269728798967	2.84552840894e-05	0.0730366309002
627.5	0.92871	1.97609561753	0.00273619542161	2.92354736117e-05	0.0735321955428
628.0	0.92876	1.97452229299	0.00273221155089	2.9104003166e-05	0.0734493881281
628.5	0.92876	1.97295147176	0.00273221155089	2.90577145003e-05	0.0734201661703
629.0	0.92889	1.97138314785	0.00272186808987	2.8792291309e-05	0.073251927504
629.5	0.92851	1.96981731533	0.00275216211996	2.93900231066e-05	0.0736291830627
630.0	0.92773	1.96825396825	0.00281490999537	3.06966722862e-05	0.0744342513139
630.5	0.92754	1.96669310071	0.00283031006749	3.09842666015e-05	0.0746079840407
631.0	0.92683	1.96513470681	0.00288825831059	3.2214894626e-05	0.0753380159573
631.5	0.92735	1.96357878068	0.00284575537823	3.12242338691e-05	0.0747520225526
632.0	0.92792	1.96202531646	0.00279955513406	3.01708303944e-05	0.0741134134138
632.5	0.92926	1.9604743083	0.00269254439016	2.78642946898e-05	0.0726544155635
633.0	0.92995	1.95892575039	0.002638315232	2.67109491107e-05	0.0718906367034
633.5	0.92998	1.95737963694	0.00263597088109	2.6621428058e-05	0.0718303259509
634.0	0.92987	1.95583596215	0.00264457230581	2.67532005935e-05	0.0719190490773
634.5	0.92859	1.95429472025	0.00274576944615	2.87944145978e-05	0.0732532779583
635.0	0.92899	1.95275590551	0.00271392593031	2.80861299412e-05	0.0727985912469
635.5	0.92908	1.9512195122	0.00270678865114	2.78946524285e-05	0.0726741964626
636.0	0.92958	1.94968553459	0.00266732094064	2.70445455534e-05	0.0721140558704
636.5	0.93053	1.94815396701	0.00259318931147	2.55220173806e-05	0.0710769445343
637.0	0.93094	1.94662480377	0.0025615418824	2.4863795665e-05	0.0706141697124
637.5	0.93118	1.94509803922	0.00254311325415	2.44688971098e-05	0.0703321022304
638.0	0.93135	1.94357366771	0.00253010280775	2.4181227894e-05	0.0701244692939
638.5	0.93297	1.94205168363	0.00240791284822	2.18676993958e-05	0.0683834132003
639.0	0.93307	1.94053208138	0.00240047633082	2.16988396359e-05	0.068251017066
639.5	0.93222	1.93901485536	0.00246407950913	2.28282020154e-05	0.0691222596056
640.0	0.93231	1.9375	0.00245730288209	2.26673527094e-05	0.0690001763334
640.5	0.93022	1.93598750976	0.00261725634796	2.56742417258e-05	0.0711826917129
641.0	0.9294	1.9344773791	0.00268149343663	2.69079608965e-05	0.0720228324585
641.5	0.92923	1.93296960249	0.00269491562907	2.71356603756e-05	0.0721747185119
642.0	0.92909	1.93146417445	0.00270599624364	2.73166660239e-05	0.0722947771336
642.5	0.92986	1.92996108949	0.00264535499968	2.60654381252e-05	0.0714523072915
643.0	0.93073	1.92846034215	0.00257772549504	2.47112525024e-05	0.0705056124725
643.5	0.93069	1.92696192696	0.00258081428832	2.47320306915e-05	0.0705204287718
644.0	0.92995	1.92546583851	0.002638315232	2.58062562407e-05	0.0712740194632
644.5	0.92938	1.92397207137	0.00268307064925	2.66478235405e-05	0.0718481245036
645.0	0.92876	1.92248062016	0.00273221155089	2.75900563299e-05	0.072474987111
645.5	0.92848	1.92099147947	0.00275456143374	2.79998563017e-05	0.0727426219207
646.0	0.92845	1.91950464396	0.00275696187194	2.80052758161e-05	0.0727461415912
646.5	0.92746	1.91802010828	0.00283680784077	2.96050738751e-05	0.0737635037258
647.0	0.9277	1.91653786708	0.00281733857928	2.91549897883e-05	0.0734815355826
647.5	0.9286	1.91505791506	0.00274497092397	2.76337180381e-05	0.0725036433192
648.0	0.92912	1.91358024691	0.00270361976924	2.67660685194e-05	0.0719276955393
648.5	0.92854	1.91210485736	0.00274976393047	2.76448495827e-05	0.0725109437813
649.0	0.92824	1.91063174114	0.00277379643196	2.80868572553e-05	0.0727990625376
649.5	0.92862	1.90916089299	0.00274337425427	2.74318550124e-05	0.0723708701143
650.0	0.92848	1.90769230769	0.00275456143374	2.76135079887e-05	0.0724903832119
650.5	0.93011	1.90622598002	0.00262582495619	2.50541868349e-05	0.0707489628932
651.0	0.93076	1.90476190476	0.00257541020242	2.4064354506e-05	0.0700395833989
651.5	0.93048	1.90330007675	0.00259706302124	2.44331525882e-05	0.0703064026077
652.0	0.931	1.9018404908	0.00255692803437	2.36474975159e-05	0.0697342761332
652.5	0.93204	1.90038314176	0.00247766276125	2.21700526944e-05	0.0686185728681
653.0	0.93204	1.8989280245	0.00247766276125	2.21361146164e-05	0.0685922973271
653.5	0.93173	1.89747513389	0.00250114995761	2.25232806398e-05	0.068890273992
654.0	0.93074	1.89602446483	0.00257695360681	2.38726743385e-05	0.0698996930125
654.5	0.92953	1.89457601222	0.00267125369811	2.56126397692e-05	0.0711399548706
655.0	0.92809	1.89312977099	0.00278585487399	2.78149156665e-05	0.0726222059677
655.5	0.92711	1.89168573608	0.00286532995006	2.93796932376e-05	0.0736227124989
656.0	0.92674	1.89024390244	0.00289564904936	2.99590157041e-05	0.0739829910124
656.5	0.92685	1.88880426504	0.00288661730593	2.97270854463e-05	0.0738393870436
657.0	0.92818	1.88736681887	0.00277861643216	2.75023516431e-05	0.0724173215221
657.5	0.93011	1.88593155894	0.00262582495619	2.45235534364e-05	0.0703713446874
658.0	0.9308	1.88449848024	0.00257232488182	2.34986666458e-05	0.0696242941112
658.5	0.93057	1.88306757783	0.00259009257767	2.37882441061e-05	0.0698378075012
659.0	0.9297	1.88163884674	0.0026578950199	2.50119866364e-05	0.070719152427
659.5	0.92998	1.88021228203	0.00263597088109	2.45637680266e-05	0.0704001763188
660.0	0.93076	1.87878787879	0.00257541020242	2.34125287052e-05	0.0695604016032
660.5	0.93073	1.8773656321	0.00257772549504	2.34191463372e-05	0.0695653164542
661.0	0.93141	1.87594553707	0.00252551942753	2.24461509228e-05	0.0688312203789
661.5	0.92911	1.87452758881	0.00270441180269	2.56997748471e-05	0.0712003829741
662.0	0.92799	1.87311178248	0.00279390947101	2.73874785992e-05	0.0723415838182
662.5	0.92815	1.87169811321	0.00278102812045	2.70945764036e-05	0.0721473844698
663.0	0.92847	1.87028657617	0.00275536145487	2.65566610706e-05	0.0717865972277
663.5	0.9294	1.86887716654	0.00268149343663	2.5113948106e-05	0.0707911142442
664.0	0.93037	1.86746987952	0.00260559610693	2.36767127326e-05	0.0697558044027
664.5	0.93161	1.86606471031	0.00251027366602	2.19429766046e-05	0.068442188023
665.0	0.93188	1.86466165414	0.0024897703567	2.15535426658e-05	0.0681364756334
665.5	0.93123	1.86326070624	0.00253928293762	2.23856361042e-05	0.0687847811633
666.0	0.93141	1.86186186186	0.00252551942753	2.21103867546e-05	0.0685723581592
666.5	0.92986	1.86046511628	0.00264535499968	2.42220549895e-05	0.0701540497553
667.0	0.92796	1.85907046477	0.00279632829001	2.70251439122e-05	0.0721011188107
667.5	0.92868	1.85767790262	0.00273858724211	2.58817710739e-05	0.0713261032446
668.0	0.92801	1.85628742515	0.00279229755067	2.68666697e-05	0.0719951861626
668.5	0.92856	1.85489902767	0.00274816576204	2.59852199038e-05	0.0713972688546
669.0	0.92918	1.85351270553	0.00269887018662	2.50239075277e-05	0.0707275772346
669.5	0.92966	1.85212845407	0.00266103500204	2.42908874556e-05	0.0702038363949
670.0	0.92972	1.85074626866	0.0026563257755	2.41688751248e-05	0.0701155119595
670.5	0.9294	1.84936614467	0.00268149343663	2.45923076118e-05	0.0704206161493
671.0	0.92874	1.8479880775	0.00273380472468	2.55230933835e-05	0.0710776936698
671.5	0.92769	1.84661206255	0.00281814835775	2.708189443e-05	0.072138940604
672.0	0.92688	1.84523809524	0.00288415674089	2.83232145051e-05	0.0729517367232
672.5	0.92767	1.843866171	0.00281976829045	2.70324642777e-05	0.0721060008656
673.0	0.92854	1.84249628529	0.00274976393047	2.56687111951e-05	0.071178858008
673.5	0.92847	1.84112843356	0.00275536145487	2.57350684441e-05	0.0712248153334
674.0	0.92924	1.83976261128	0.00269412509147	2.45673939831e-05	0.0704027741882
674.5	0.92851	1.83839881394	0.00275216211996	2.55992645437e-05	0.0711306655184
675.0	0.92921	1.83703703704	0.00269649707816	2.45378062374e-05	0.0703815672094
675.5	0.93073	1.83567727609	0.00257772549504	2.23906137151e-05	0.068788604545
676.0	0.93141	1.83431952663	0.00252551942753	2.14610717135e-05	0.0680632764478
676.5	0.93201	1.83296378418	0.0024799305265	2.0662687025e-05	0.067421234358
677.0	0.93256	1.83161004431	0.00243853135455	1.99490730741e-05	0.0668314186769
677.5	0.93265	1.83025830258	0.00243179247306	1.98096950929e-05	0.0667143789897
678.0	0.93143	1.82890855457	0.00252399262424	2.13088565373e-05	0.0679422674199
678.5	0.93224	1.82756079587	0.00246257272805	2.02545126244e-05	0.0670857762478
679.0	0.93153	1.82621502209	0.00251636603223	2.11179350585e-05	0.0677895674063
679.5	0.93097	1.82487122884	0.00255923440068	2.18114520024e-05	0.0683393973171
680.0	0.9303	1.82352941176	0.00261103407503	2.26699532258e-05	0.069002155263
680.5	0.92853	1.8221895665	0.00275056320205	2.51206208315e-05	0.0707958160399
681.0	0.92857	1.82085168869	0.00274736686518	2.50254824495e-05	0.0707286900481
681.5	0.92969	1.81951577403	0.00265867982876	2.34015019022e-05	0.0695522097889
682.0	0.93129	1.81818181818	0.00253469064416	2.12385344185e-05	0.0678861432395
682.5	0.93279	1.81684981685	0.00242132961331	1.93528925798e-05	0.0663264069921
683.0	0.93292	1.81551976574	0.00241163572439	1.91701442198e-05	0.0661692702498
683.5	0.93356	1.81419166057	0.00236421526201	1.83967186123e-05	0.0654915232082
684.0	0.93411	1.81286549708	0.00232386555117	1.77481529599e-05	0.0649065149084
684.5	0.93289	1.811541271	0.00241387092798	1.91216143006e-05	0.0661273529555
685.0	0.93292	1.8102189781	0.00241163572439	1.90583651914e-05	0.0660726021628
685.5	0.93178	1.80889861415	0.00249735366717	2.04074411256e-05	0.0672120494227
686.0	0.93068	1.80758017493	0.00258158679675	2.17755233414e-05	0.0683112370965
686.5	0.93108	1.80626365623	0.00255078317653	2.12280144764e-05	0.0678777352795
687.0	0.93005	1.80494905386	0.00263050508037	2.25428170265e-05	0.0689052077566
687.5	0.92937	1.80363636364	0.00268385944242	2.34324392762e-05	0.069575185844
688.0	0.92902	1.8023255814	0.00271154571484	2.38836311428e-05	0.0699077120708
688.5	0.929	1.80101670298	0.00271313240043	2.38768733994e-05	0.0699027665444
689.0	0.92863	1.79970972424	0.00274257610674	2.43625252791e-05	0.0702555399151
689.5	0.92915	1.79840464104	0.00270124441694	2.35994887042e-05	0.0696988557727
690.0	0.92903	1.79710144928	0.00271075255912	2.37314864566e-05	0.0697961127329
690.5	0.93053	1.79580014482	0.00259318931147	2.16862495111e-05	0.0682411147409
691.0	0.93196	1.79450072359	0.00248371260569	1.98650635436e-05	0.066760947178
691.5	0.93164	1.79320318149	0.00250799106951	2.02260451735e-05	0.06706219177
692.0	0.93147	1.79190751445	0.00252094050265	2.04059290928e-05	0.0672108044155
692.5	0.93069	1.79061371841	0.00258081428832	2.1355872718e-05	0.0679797136604
693.0	0.93063	1.78932178932	0.00258545119972	2.14017649938e-05	0.0680162051786
693.5	0.92987	1.78803172314	0.00264457230581	2.23594610325e-05	0.0687646651772
694.0	0.92976	1.78674351585	0.0026531887799	2.24729835292e-05	0.0688517817403
694.5	0.93027	1.78545716343	0.00261336649575	2.17720592823e-05	0.0683085201896
695.0	0.93123	1.78417266187	0.00253928293762	2.0525604204e-05	0.0673091316097
695.5	0.93137	1.78289000719	0.00252857451926	2.03235989382e-05	0.067142909103
696.0	0.93164	1.7816091954	0.00250799106951	1.99653469935e-05	0.0668450443296
696.5	0.93066	1.78033022254	0.00258313218576	2.11492217249e-05	0.0678146613877
697.0	0.92877	1.77905308465	0.00273141515122	2.36131128338e-05	0.0697089129899
697.5	0.92845	1.77777777778	0.00275696187194	2.40224039927e-05	0.07000903906
698.0	0.92902	1.77650429799	0.00271154571484	2.32041885938e-05	0.0694051339356
698.5	0.92984	1.77523264137	0.00264692076056	2.20796624625e-05	0.0685485239322
699.0	0.93105	1.77396280401	0.00255308656893	2.051257116e-05	0.0672984443259
699.5	0.9313	1.77269478199	0.00253392569526	2.01769577069e-05	0.0670214656505
700.0	0.93159	1.77142857143	0.00251179601541	1.97977586069e-05	0.0667043269009
700.5	0.93008	1.77016416845	0.00262816445897	2.16437329629e-05	0.06820764293
701.0	0.93008	1.76890156919	0.00262816445897	2.16128684635e-05	0.0681833134686
701.5	0.9301	1.76764076978	0.00262660466616	2.15564599967e-05	0.0681387811309
702.0	0.93002	1.76638176638	0.0026328468205	2.16281977172e-05	0.0681954002657
702.5	0.93027	1.76512455516	0.00261336649575	2.12790066927e-05	0.0679184612111
703.0	0.93066	1.76386913229	0.00258313218576	2.07599346364e-05	0.0675004231623
703.5	0.93022	1.76261549396	0.00261725634796	2.12817673116e-05	0.0679206639439
704.0	0.93111	1.76136363636	0.00254848089914	2.0149339658e-05	0.0669985192651
704.5	0.93341	1.76011355571	0.00237528422665	1.74788375086e-05	0.064658873838
705.0	0.93257	1.75886524823	0.00243778209679	1.83846303776e-05	0.065480762158
705.5	0.93524	1.75761871013	0.00224212907917	1.55299678511e-05	0.0627758553911
706.0	0.93602	1.75637393768	0.00218662015769	1.47496142756e-05	0.0619719505628
706.5	0.9348	1.75513092711	0.00227376979033	1.59261947506e-05	0.0631724914826
707.0	0.93513	1.75388967468	0.00225001705645	1.55731391229e-05	0.0628194371446
707.5	0.93494	1.75265017668	0.00226367659957	1.57405261344e-05	0.0629875637898
708.0	0.9333	1.75141242938	0.00238341905068	1.74251958335e-05	0.0646092079334
708.5	0.93491	1.75017642908	0.00226583740681	1.57261040851e-05	0.062973130949
709.0	0.9337	1.74894217207	0.00235390917854	1.69484624162e-05	0.0641626918978
709.5	0.93204	1.74770965469	0.00247766276125	1.87509362716e-05	0.0658045221007
710.0	0.93167	1.74647887324	0.00250570958601	1.91508538426e-05	0.0661526178956
710.5	0.92978	1.74524982407	0.00265162102863	2.14159880006e-05	0.0680275027743
711.0	0.93123	1.74402250352	0.00253928293762	1.96122020067e-05	0.0665474761806
711.5	0.93251	1.74279690794	0.00244227949298	1.81169166874e-05	0.0652410694938
712.0	0.93382	1.74157303371	0.00234509455784	1.66803093494e-05	0.0639073817601
712.5	0.93546	1.74035087719	0.00222639749428	1.50133995316e-05	0.0622471913595
713.0	0.93582	1.73913043478	0.00220078241542	1.46493557354e-05	0.0618663695314
713.5	0.93393	1.73791170287	0.00233703002366	1.64962032523e-05	0.0637303054134
714.0	0.93349	1.73669467787	0.00236937733666	1.69322786492e-05	0.0641473694741
714.5	0.93124	1.73547935619	0.00253851724582	1.94088203631e-05	0.0663742741992
715.0	0.93076	1.73426573427	0.00257541020242	1.99491368849e-05	0.06683147212
715.5	0.93098	1.73305380853	0.00255846548798	1.96599867198e-05	0.0665879745744
716.0	0.93082	1.73184357542	0.00257078296556	1.98220310815e-05	0.0667247627399
716.5	0.93185	1.7306350314	0.00249204405215	1.86004054535e-05	0.0656720544559
717.0	0.93115	1.72942817294	0.00254541293025	1.93785621806e-05	0.0663483898323
717.5	0.93239	1.72822299652	0.00245128760497	1.79468444179e-05	0.0650874151429
718.0	0.9324	1.72701949861	0.00245053625054	1.79108725925e-05	0.0650547760485
718.5	0.9333	1.72581767571	0.00238341905068	1.69196212907e-05	0.0641353781177
719.0	0.93501	1.72461752434	0.00225863899851	1.51732717035e-05	0.0624122455772
719.5	0.93582	1.723419041	0.00220078241542	1.43858652631e-05	0.0615862835365
720.0	0.93561	1.72222222222	0.00221570531525	1.45613746676e-05	0.0617732703669
720.5	0.93599	1.72102706454	0.00218874138613	1.41894087622e-05	0.0613749392081
721.0	0.93468	1.71983356449	0.00228244019344	1.5408900615e-05	0.0626531503886
721.5	0.93359	1.71864171864	0.00236200478797	1.64790528557e-05	0.0637137345337
722.0	0.93457	1.71745152355	0.00229040355458	1.54736579785e-05	0.0627188733504
722.5	0.93306	1.71626297578	0.00240121942855	1.69836630393e-05	0.0641959811977
723.0	0.93385	1.71507607192	0.00234289366601	1.61462596542e-05	0.0633895958784
723.5	0.93353	1.71389080857	0.0023664268422	1.64494910411e-05	0.063685141234
724.0	0.93442	1.71270718232	0.00230128657349	1.55348707838e-05	0.0627808095121
724.5	0.93585	1.71152518979	0.00219865496607	1.41605705758e-05	0.0613437312044
725.0	0.93649	1.71034482759	0.0021535307905	1.35665533896e-05	0.0606900341785
725.5	0.93814	1.70916609235	0.00203949282623	1.2151024622e-05	0.059040934818
726.0	0.93712	1.70798898072	0.0021095987707	1.29828445276e-05	0.060026422966
726.5	0.93584	1.70681348933	0.00219936399385	1.40917962371e-05	0.0612691123866
727.0	0.93546	1.70563961486	0.00222639749428	1.44204880073e-05	0.0616233053695
727.5	0.93404	1.70446735395	0.00232898034345	1.57582875578e-05	0.0630053248814
728.0	0.9352	1.7032967033	0.00224499572284	1.46221638979e-05	0.0618376407508
728.5	0.93666	1.70212765957	0.00214162855252	1.32883957829e-05	0.0603765285171
729.0	0.93825	1.70096021948	0.00203200772715	1.19464542404e-05	0.0587908522609
729.5	0.9382	1.69979437971	0.00203540822852	1.19700462839e-05	0.0588198560629
730.0	0.9377	1.69863013699	0.00206957982297	1.23583933302e-05	0.0592912359308
730.5	0.93752	1.69746748802	0.00208195579828	1.24895255112e-05	0.0594478954974
731.0	0.93526	1.69630642955	0.00224069649082	1.44469005909e-05	0.0616515033396
731.5	0.9379	1.6951469583	0.00205587482674	1.21452944158e-05	0.0590339729241
732.0	0.93968	1.69398907104	0.00193603269198	1.07558956781e-05	0.0572679510842
732.5	0.94157	1.69283276451	0.00181296393258	9.41903565257e-06	0.0553989597911
733.0	0.94289	1.69167803547	0.0017295506899	8.56055675353e-06	0.0540910613072
733.5	0.94168	1.69052488071	0.00180593322572	9.32065666194e-06	0.0552537333669
734.0	0.93919	1.689373297	0.00196864111628	1.10607443184e-05	0.0576694870207
734.5	0.93759	1.68822328114	0.00207713824806	1.22967565706e-05	0.0592171693728
735.0	0.93855	1.68707482993	0.00201166826488	1.15181153003e-05	0.05825662963
735.5	0.94051	1.68592794018	0.00188145798556	1.00616004064e-05	0.0563205343203
736.0	0.94312	1.6847826087	0.00171522945118	8.35087901544e-06	0.0537567553827
736.5	0.94139	1.68363883232	0.00182449999469	9.43594934593e-06	0.0554238129383
737.0	0.94191	1.68249660787	0.00179127947468	9.08312087715e-06	0.0548982844896
737.5	0.93825	1.6813559322	0.00203200772715	1.1672665258e-05	0.0584510756644
738.0	0.93698	1.68021680217	0.00211931972934	1.26801271633e-05	0.059673416346
738.5	0.93877	1.67907921462	0.001996821852	1.12414158129e-05	0.0579035583276
739.0	0.9393	1.67794316644	0.00196129564569	1.0830303368e-05	0.0573667379765
739.5	0.94226	1.6768086545	0.00176910173413	8.79979652224e-06	0.0544650814602
740.0	0.94286	1.67567567568	0.00173142332902	8.41756464938e-06	0.0538637536451
740.5	0.94339	1.67454422687	0.00169849802309	8.08953085924e-06	0.0533311359237
741.0	0.94376	1.67341430499	0.00167571077393	7.86330422079e-06	0.052954304642
741.5	0.94405	1.67228590695	0.0016579643557	7.68725767177e-06	0.0526553931355
742.0	0.94247	1.67115902965	0.00175586538564	8.6102942746e-06	0.0541694590526
742.5	0.94333	1.67003367003	0.00170220861204	8.08120308949e-06	0.0533174051838
743.0	0.94258	1.66890982503	0.00174895308621	8.51965607039e-06	0.0540263360695
743.5	0.94272	1.66778749159	0.00174017651052	8.42302381932e-06	0.0538724847897
744.0	0.94299	1.66666666667	0.001723316313	8.24949754074e-06	0.0535928526485
744.5	0.94302	1.66554734721	0.00172144832559	8.22057029386e-06	0.0535458092856
745.0	0.94389	1.6644295302	0.00166774311625	7.70529265482e-06	0.0526862495484
745.5	0.94028	1.66331321261	0.00189649806441	9.95068279923e-06	0.0561646711752
746.0	0.93889	1.66219839142	0.00198874846894	1.0927616167e-05	0.0574951694145
746.5	0.93707	1.66108506363	0.0021130678071	1.23199973174e-05	0.0592451295282
747.0	0.93336	1.65997322624	0.00237898002914	1.55949418332e-05	0.0628414127318
747.5	0.93597	1.65886287625	0.00219015614817	1.31999150017e-05	0.0602757723086
748.0	0.93898	1.6577540107	0.00198270484994	1.08032969191e-05	0.0573309420559
748.5	0.93942	1.65664662659	0.00195329905686	1.04712189755e-05	0.056885202762
749.0	0.939	1.65554072096	0.00198136315229	1.07598916752e-05	0.0572732693464
749.5	0.93805	1.65443629086	0.0020456278983	1.14538995986e-05	0.0581752613449
750.0	0.93839	1.65333333333	0.00202250242437	1.11814710908e-05	0.0578262109683
750.5	0.94054	1.65223184544	0.001879500925	9.64333079791e-06	0.0557258582869
751.0	0.94357	1.65113182423	0.0016873919794	7.76238997063e-06	0.0527835826478
751.5	0.94403	1.6500332668	0.00165918503649	7.4950588146e-06	0.0523231354755
752.0	0.94489	1.64893617021	0.00160712469176	7.02274398386e-06	0.0514785978275
752.5	0.9427	1.64784053156	0.00174142887451	8.23458741445e-06	0.0535686203131
753.0	0.94318	1.64674634794	0.00171150384868	7.94345021688e-06	0.0530887249075
753.5	0.94672	1.64565361646	0.00149925976001	6.0873829909e-06	0.0496715436248
754.0	0.94566	1.64456233422	0.00156125647696	6.59248552275e-06	0.0506713291325
754.5	0.94829	1.64347249834	0.0014098662329	5.36884295131e-06	0.0481360195708
755.0	0.94868	1.64238410596	0.00138810895139	5.19752487751e-06	0.0477473358324
755.5	0.94583	1.6412971542	0.00155122426863	6.48221772652e-06	0.0504581012092
756.0	0.94429	1.64021164021	0.00164335326012	7.26543531812e-06	0.0519176958872
756.5	0.94193	1.63912756114	0.00179000822779	8.60866008731e-06	0.0541668886021
757.0	0.93784	1.63804491413	0.00205998123347	1.13861824665e-05	0.0580890848844
757.5	0.93822	1.63696369637	0.00203404766473	1.10866502585e-05	0.0577032250732
758.0	0.9417	1.63588390501	0.00180465647234	8.7155348927e-06	0.0543342293327
758.5	0.94272	1.63480553724	0.00174017651052	8.09317263305e-06	0.0533371371109
759.0	0.9463	1.63372859025	0.00152366585649	6.19639778211e-06	0.0498924490453
759.5	0.94797	1.63265306122	0.00142785156703	5.43442924775e-06	0.0482823594275
760.0	0.94792	1.63157894737	0.0014306726306	5.4487480141e-06	0.0483141319353
760.5	0.94855	1.63050624589	0.00139534157398	5.17613985225e-06	0.0476981462064
761.0	0.95032	1.62943495401	0.00129856385218	4.4771400053e-06	0.0459991883705
761.5	0.9496	1.62836506894	0.00133748946925	4.74334045637e-06	0.0466682025774
762.0	0.94893	1.62729658793	0.00137425568799	5.00113426283e-06	0.0472897620209
762.5	0.94978	1.6262295082	0.00132770136242	4.66191634471e-06	0.0464666238675
763.0	0.94788	1.625163827	0.00143293159472	5.42307001544e-06	0.0482571092617
763.5	0.94919	1.62409954158	0.00135992588417	4.87815693146e-06	0.0469963296979
764.0	0.94855	1.62303664921	0.00139534157398	5.12882311852e-06	0.0475887645642
764.5	0.94608	1.62197514716	0.00153653306274	6.21115275542e-06	0.0499221237584
765.0	0.94661	1.62091503268	0.00150563172796	5.95604562653e-06	0.0494014281324
765.5	0.9456	1.61985630307	0.00156480541455	6.42500782081e-06	0.0503463992142
766.0	0.94551	1.61879895561	0.00157013680448	6.46042097489e-06	0.0504156307037
766.5	0.94635	1.61774298761	0.00152074945845	6.05249435279e-06	0.0496002194784
767.0	0.94643	1.61668839635	0.00151608935685	6.00761703819e-06	0.0495080202699
767.5	0.94637	1.61563517915	0.00151958372518	6.02748126583e-06	0.049548894277
768.0	0.94562	1.61458333333	0.00156362196231	6.37359485954e-06	0.0502453774986
768.5	0.94691	1.61353285621	0.00148828721843	5.7667235277e-06	0.0490040847931
769.0	0.94553	1.61248374512	0.00156895122312	6.40043622994e-06	0.0502981942437
769.5	0.94421	1.6114359974	0.00164821602186	7.0543074699e-06	0.0515363427992
770.0	0.94577	1.61038961039	0.001554761147	6.26887021078e-06	0.0500376977665
770.5	0.94455	1.60934458144	0.00162760176804	6.86111012562e-06	0.0511798015445
771.0	0.94623	1.60830090791	0.00152775377022	6.03728033759e-06	0.0495690203224
771.5	0.94731	1.60725858717	0.00146532608122	5.5467688613e-06	0.0485299693699
772.0	0.9478	1.60621761658	0.00143745515932	5.33086128212e-06	0.0480506586837
772.5	0.94875	1.60517799353	0.0013842226614	4.93694516955e-06	0.0471372862415
773.0	0.94888	1.60413971539	0.00137702048731	4.87938611448e-06	0.046999289916
773.5	0.94884	1.60310277957	0.00137923443362	4.88876224176e-06	0.04702185188
774.0	0.94789	1.60206718346	0.00143236667757	5.26586677175e-06	0.0479035243883
774.5	0.94847	1.60103292447	0.00139980226048	5.02266146614e-06	0.0473405693542
775.0	0.95255	1.6	0.00118182903785	3.57560287922e-06	0.0434847842418
775.5	0.95746	1.59896840748	0.000945027259624	2.28332871387e-06	0.0388724675361
776.0	0.95847	1.59793814433	0.000899736507142	2.0670482431e-06	0.0379173216961
776.5	0.95976	1.59690920798	0.00084357422689	1.81470926017e-06	0.0367030169133
777.0	0.95544	1.59588159588	0.00103909905384	2.74988942863e-06	0.0407219726477
777.5	0.95181	1.59485530547	0.00121992629832	3.78538243153e-06	0.0441090232169
778.0	0.94815	1.59383033419	0.00141772003375	5.10581563808e-06	0.0475353047238
778.5	0.94608	1.59280667951	0.00153653306274	5.98976737492e-06	0.0494712050149
779.0	0.94589	1.5917843389	0.00154769164491	6.06928220085e-06	0.0496345778848
779.5	0.94632	1.59076330981	0.00152249894327	5.86577136365e-06	0.0492131634646
780.0	0.94865	1.58974358974	0.001389776261	4.88139490197e-06	0.047004126437
780.5	0.9482	1.58872517617	0.00141491246572	5.05308613409e-06	0.0474120982068
781.0	0.95038	1.58770806658	0.00129534733475	4.22974099303e-06	0.045350120313
781.5	0.94856	1.58669225848	0.00139478451548	4.89778413639e-06	0.04704353083
782.0	0.95071	1.58567774936	0.0012777314323	4.10496086805e-06	0.0450118906718
782.5	0.95068	1.58466453674	0.00127932763916	4.10996613333e-06	0.0450256053891
783.0	0.94966	1.58365261814	0.00133422256386	4.46453681153e-06	0.0459667820979
783.5	0.95305	1.58264199107	0.0011564464089	3.34978082644e-06	0.0427813118913
784.0	0.95389	1.58163265306	0.00111445350093	3.10695634139e-06	0.0419839975156
784.5	0.95219	1.58062460166	0.00120028360936	3.59935949963e-06	0.0435568341587
785.0	0.95363	1.57961783439	0.00112736433418	3.17126576464e-06	0.0421995830326
785.5	0.95163	1.57861234882	0.00122928916701	3.76581603624e-06	0.044051913231
786.0	0.94908	1.57760814249	0.00136597884267	4.64393597595e-06	0.0464217550796
786.5	0.95152	1.57660521297	0.0012350294266	3.79140804606e-06	0.0441265660589
787.0	0.95145	1.57560355781	0.00123868963161	3.80906961849e-06	0.0441778653921
787.5	0.953	1.5746031746	0.00115897166842	3.33033471585e-06	0.042719087869
788.0	0.95753	1.57360406091	0.000941850855848	2.19662139274e-06	0.0384980562047
788.5	0.95998	1.57260621433	0.000834184253839	1.7209329526e-06	0.0362193779831
789.0	0.96051	1.57160963245	0.000811787539953	1.62769911025e-06	0.0357185262474
789.5	0.959	1.57061431286	0.000876433785193	1.89486084996e-06	0.0371017445317
790.0	0.95689	1.56962025316	0.000971100178704	2.32336400026e-06	0.0390417533974
790.5	0.95558	1.56862745098	0.00103242868206	2.62276720285e-06	0.0402429617679
791.0	0.95395	1.56763590392	0.00111148514073	3.0359717455e-06	0.0417421131866
791.5	0.95572	1.5666456096	0.00102578077261	2.58256131068e-06	0.0400878403487
792.0	0.95482	1.56565656566	0.00106890953269	2.80075362997e-06	0.0409089871293
792.5	0.95575	1.56466876972	0.00102435914204	2.56891257099e-06	0.0400347693701
793.0	0.95529	1.56368221942	0.00104627081829	2.67661076745e-06	0.0404479304199
793.5	0.95428	1.56269691241	0.00109523326487	2.92929263677e-06	0.0413704923996
794.0	0.95216	1.56171284635	0.00120182826416	3.52279354769e-06	0.0433233267333
794.5	0.95151	1.56073001888	0.00123555196477	3.71858401907e-06	0.0439131306252
795.0	0.95201	1.55974842767	0.00120956717892	3.5593369317e-06	0.0434352449686
795.5	0.95258	1.5587680704	0.00118029792773	3.38490349759e-06	0.0428930148545
796.0	0.95351	1.55778894472	0.00113334946671	3.11705829184e-06	0.0420180826519
796.5	0.9496	1.55681104834	0.00133748946925	4.33563339351e-06	0.0456313311526
797.0	0.94688	1.55583437892	0.0014900168976	5.37414171722e-06	0.0481478921082
797.5	0.94394	1.55485893417	0.00166468398415	6.69954933097e-06	0.0508758170974
798.0	0.94405	1.55388471178	0.0016579643557	6.63724679717e-06	0.0507571223081
798.5	0.94807	1.55291170946	0.00142221824338	4.87782280507e-06	0.046995524931
799.0	0.94818	1.55193992491	0.00141603514101	4.8294522227e-06	0.046878582214
799.5	0.94899	1.55096935585	0.00137094179075	4.52110366168e-06	0.0461116981481
800.0	0.94881	1.55	0.00138089612251	4.58126502805e-06	0.0462643382087
