samlpe:3
direct band gap: wevelength=208.567595333nm energy=5.94531474567eV
	linear fit coefficient: slope=36.2160677085 intercept=-215.315921377 r=0.995940025983
indirect band gap: wevelength=228.215339168nm energy=5.43346474659eV
	linear fit coefficient: slope=2.2760882223 intercept=-12.367045116 r=0.992611013538
datas:
wavelength	R	hv	F(R)	(hvF(R))^2	(hvF(R))^1/2
200.0	0.38403	6.2	0.49399661602	9.3806153212	1.75007971799
200.5	0.38454	6.18453865337	0.492524849951	9.27835342055	1.74529051228
201.0	0.38687	6.16915422886	0.485858811616	8.98403474041	1.73128216716
201.5	0.38966	6.15384615385	0.477999943027	8.65264645809	1.71509128356
202.0	0.39433	6.13861386139	0.465138524713	8.15277118448	1.68976501185
202.5	0.40642	6.12345679012	0.433464416613	7.04531180887	1.62920245065
203.0	0.41933	6.10837438424	0.402043317793	6.03110641019	1.56710915502
203.5	0.43011	6.09336609337	0.377548315663	5.29248477596	1.51675314579
204.0	0.44008	6.07843137255	0.356197062352	4.68774201025	1.4714344697
204.5	0.44698	6.06356968215	0.342108282697	4.30312461866	1.4402768522
205.0	0.45824	6.0487804878	0.320251284916	3.75247156526	1.39180807707
205.5	0.46964	6.03406326034	0.299465260199	3.26522126014	1.3442441461
206.0	0.4758	6.01941747573	0.288761706599	3.0212601977	1.31839950813
206.5	0.48761	6.00484261501	0.269214651156	2.61336843302	1.27145255902
207.0	0.49648	5.99033816425	0.255329912987	2.3394085557	1.23673462078
207.5	0.50719	5.97590361446	0.239418852994	2.04702836199	1.19613711128
208.0	0.51807	5.96153846154	0.224155543556	1.78572947878	1.1559895736
208.5	0.52975	5.94724220624	0.208716434639	1.54079388612	1.11413068768
209.0	0.53551	5.93301435407	0.201444380217	1.42843706422	1.09323940625
209.5	0.545	5.91885441527	0.189931192661	1.26376960662	1.06027122864
210.0	0.55844	5.90476190476	0.174571335864	1.06255312125	1.0152842822
210.5	0.56938	5.89073634204	0.162838161158	0.920134996369	0.979406286381
211.0	0.57881	5.87677725118	0.153246329625	0.81107053226	0.948996598395
211.5	0.58702	5.86288416076	0.145269735614	0.725392263093	0.922875740264
212.0	0.59836	5.84905660377	0.134797354101	0.621633461461	0.887939949646
212.5	0.60239	5.83529411765	0.131222058882	0.586326059104	0.875053888798
213.0	0.61151	5.82159624413	0.123403116956	0.516103045969	0.847586645829
213.5	0.62123	5.80796252927	0.115469884664	0.449764398662	0.818929034404
214.0	0.62662	5.79439252336	0.111241760876	0.415481349204	0.802856417739
214.5	0.63397	5.78088578089	0.105665852406	0.373128222255	0.781563960083
215.0	0.64043	5.76744186047	0.100940450088	0.338919786606	0.762999460847
215.5	0.64696	5.75406032483	0.0963253072833	0.307205953288	0.74448749413
216.0	0.65617	5.74074074074	0.0900826530472	0.267434975624	0.719125271689
216.5	0.66661	5.72748267898	0.0833687554192	0.227999663061	0.691008757276
217.0	0.68095	5.71428571429	0.0747433016374	0.182418322928	0.653532386944
217.5	0.68939	5.70114942529	0.0699738697254	0.159146331456	0.631610233586
218.0	0.69183	5.6880733945	0.068635899643	0.152416871904	0.624824803178
218.5	0.69756	5.67505720824	0.0655642192786	0.138444043755	0.609984176204
219.0	0.69933	5.66210045662	0.0646350427552	0.133934117825	0.604954630611
219.5	0.70285	5.64920273349	0.0628143433876	0.125919204074	0.595693679979
220.0	0.71082	5.63636363636	0.0588229596804	0.109923805049	0.575801694098
220.5	0.71555	5.62358276644	0.0565381891552	0.101090413199	0.56386805742
221.0	0.71642	5.61085972851	0.0561246310823	0.0991666909286	0.56116613611
221.5	0.71733	5.59819413093	0.0556942612884	0.0972113121296	0.558379160312
222.0	0.71738	5.58558558559	0.0556706796956	0.096691983418	0.557631909101
222.5	0.71437	5.57303370787	0.0571024097457	0.101272658737	0.564122020766
223.0	0.71854	5.56053811659	0.0551254847329	0.093959021848	0.553649129913
223.5	0.72328	5.548098434	0.0529352107068	0.0862536749092	0.541931508242
224.0	0.72249	5.53571428571	0.0532961010533	0.0870438739277	0.543168471078
224.5	0.72685	5.52338530067	0.051324841783	0.0803648092405	0.532434856732
225.0	0.72586	5.51111111111	0.051768067947	0.081395847189	0.534134416101
225.5	0.72456	5.49889135255	0.0523539759302	0.082879975856	0.53655272389
226.0	0.72441	5.48672566372	0.0524218661393	0.0827277944898	0.536306254193
226.5	0.7231	5.47461368653	0.053017293597	0.0842445987678	0.538747808487
227.0	0.72253	5.46255506608	0.0532777883963	0.0847001214752	0.53947460822
227.5	0.72192	5.45054945055	0.0535575177305	0.0852160596624	0.540294270596
228.0	0.72221	5.43859649123	0.0534244084823	0.0844215109953	0.539030426338
228.5	0.72072	5.42669584245	0.0541106937507	0.0862257867296	0.541887697599
229.0	0.71916	5.41484716157	0.0548355759497	0.0881652055312	0.544909407869
229.5	0.71803	5.40305010893	0.0553647346908	0.089483803774	0.546935495101
230.0	0.71736	5.39130434783	0.05568011152	0.0901130919	0.547894540332
230.5	0.71582	5.37960954447	0.0564096228102	0.0920890308421	0.550873620052
231.0	0.71574	5.36796536797	0.0564476958113	0.0918146214733	0.55046278368
231.5	0.71497	5.35637149028	0.0568150418199	0.0926121658829	0.551654303186
232.0	0.71388	5.34482758621	0.0573378259651	0.0939182182295	0.553589011769
232.5	0.71353	5.33333333333	0.0575063843847	0.0940653296355	0.553805666925
233.0	0.71484	5.32188841202	0.0568772211964	0.0916237934806	0.550176539297
233.5	0.71753	5.31049250535	0.0555999755411	0.0871803888135	0.543381314924
234.0	0.71869	5.29914529915	0.0550552505948	0.0851155957033	0.540134957564
234.5	0.72086	5.28784648188	0.054045958716	0.0816740565621	0.534590247438
235.0	0.71811	5.27659574468	0.0553271588615	0.0852284095067	0.540313844921
235.5	0.7153	5.26539278132	0.0566574094785	0.0889969195282	0.54618999888
236.0	0.71671	5.25423728814	0.0559872361904	0.0865361207183	0.542374615972
236.5	0.71762	5.24312896406	0.0555575822859	0.0848531084353	0.539718045702
237.0	0.72223	5.23206751055	0.0534152367667	0.0781046685711	0.528651231773
237.5	0.72435	5.22105263158	0.0524490387934	0.074987903084	0.523296466657
238.0	0.72508	5.21008403361	0.052119080929	0.0737365737336	0.521099598344
238.5	0.72549	5.19916142558	0.0519343754566	0.0729082090601	0.519629869749
239.0	0.72604	5.18828451883	0.0516872910583	0.0719142757509	0.517849758152
239.5	0.72641	5.17745302714	0.0515215154665	0.0711556831856	0.516478679342
240.0	0.72386	5.16666666667	0.052671303567	0.0740574954691	0.52166566729
240.5	0.72057	5.15592515593	0.054180110815	0.078035638256	0.528534385165
241.0	0.71719	5.14522821577	0.0557603257854	0.0823113813702	0.53563009769
241.5	0.71565	5.13457556936	0.0564905488018	0.0841318982549	0.538567536877
242.0	0.71556	5.12396694215	0.0565334238918	0.0839118345541	0.538215008289
242.5	0.71622	5.11340206186	0.0562195194214	0.0826407294811	0.536165092603
243.0	0.71927	5.10288065844	0.0547842485437	0.078152385899	0.528731956931
243.5	0.72034	5.09240246407	0.0542866671294	0.0764243578175	0.525784706373
244.0	0.72075	5.08196721311	0.0540968175512	0.0755800459034	0.524326475708
244.5	0.72551	5.07157464213	0.0519253767005	0.0693497588362	0.513169975503
245.0	0.72385	5.0612244898	0.0526758461698	0.0710778435301	0.516337372902
245.5	0.72588	5.05091649695	0.0517590885546	0.0683460810952	0.511303074748
246.0	0.72829	5.0406504065	0.050684702591	0.0652720061536	0.505454119302
246.5	0.72751	5.03042596349	0.051030776278	0.0658982486675	0.506662157582
247.0	0.7301	5.02024291498	0.0498876934666	0.0627243708438	0.500448138842
247.5	0.731	5.0101010101	0.0494945280438	0.0614904028851	0.497968457783
248.0	0.73154	5.0	0.0492596246275	0.0606627654611	0.496284316836
248.5	0.73242	4.98993963783	0.0488784142978	0.0594873743588	0.493862670121
249.0	0.73363	4.97991967871	0.0483574669111	0.0579924908675	0.490730375138
249.5	0.73247	4.96993987976	0.0488568138627	0.0589593318874	0.49276305423
250.0	0.73369	4.96	0.0483317314533	0.0574682616559	0.489617593647
250.5	0.73381	4.9500998004	0.0482802878811	0.0571172924069	0.488868329311
251.0	0.73445	4.94023904382	0.0480065372047	0.0562466535433	0.486994629804
251.5	0.73582	4.93041749503	0.0474240115789	0.0546718748792	0.483549559376
252.0	0.73419	4.92063492063	0.0481176235716	0.0560596819336	0.486589415056
252.5	0.73457	4.91089108911	0.0479553241352	0.0554618391517	0.485286898619
253.0	0.73294	4.90118577075	0.0486540805523	0.0568644532305	0.488326414698
253.5	0.73309	4.89151873767	0.048589496583	0.0564900867987	0.487520700063
254.0	0.73579	4.88188976378	0.047436717066	0.0536296777999	0.481228452475
254.5	0.73772	4.87229862475	0.0466239212709	0.0516042404858	0.476618996148
255.0	0.74066	4.86274509804	0.0454035830205	0.0487464802131	0.469878761774
255.5	0.74202	4.85322896282	0.0448462847363	0.0473712125481	0.466528978689
256.0	0.74231	4.84375	0.0447280355242	0.0469378386852	0.465458292515
256.5	0.74535	4.8343079922	0.0435007865432	0.0442244917568	0.45858063637
257.0	0.74442	4.82490272374	0.0438738456785	0.0448114018519	0.460094596268
257.5	0.74663	4.81553398058	0.0429907430052	0.0428586814368	0.454998223944
258.0	0.74771	4.80620155039	0.0425634564871	0.0418482918775	0.452292549749
258.5	0.74377	4.79690522244	0.0441358302298	0.0448234082792	0.460125411737
259.0	0.74307	4.78764478764	0.0444191158976	0.0452255297492	0.461153931674
259.5	0.74071	4.77842003854	0.0453830136626	0.0470278700744	0.465681330842
260.0	0.74246	4.76923076923	0.0446669528325	0.0453805052071	0.461548486961
260.5	0.745	4.76007677543	0.0436409395973	0.04315350742	0.455778699629
261.0	0.74809	4.75095785441	0.0424137791576	0.0406046991581	0.448894282904
261.5	0.75058	4.74187380497	0.0414415094993	0.0386163405833	0.44329494508
262.0	0.75044	4.73282442748	0.0414957848729	0.0385699214705	0.443161668338
262.5	0.74808	4.72380952381	0.0424177136135	0.0401494190962	0.447630650811
263.0	0.74654	4.71482889734	0.0430264765451	0.0411531837492	0.450402569892
263.5	0.7477	4.70588235294	0.0425674000267	0.0401269712396	0.447568069232
264.0	0.74634	4.69696969697	0.0431059541228	0.0409930319762	0.449963732176
264.5	0.74803	4.68809073724	0.0424373894764	0.0395812348085	0.446038487708
265.0	0.74832	4.67924528302	0.0423233525764	0.03922037548	0.445018368053
265.5	0.7491	4.67043314501	0.0420176278201	0.0385103423357	0.442990430648
266.0	0.75151	4.66165413534	0.0410821413554	0.0366763612901	0.437619394152
266.5	0.75273	4.65290806754	0.0406138010309	0.035710523542	0.434709423029
267.0	0.75427	4.64419475655	0.0400275981412	0.0345573084667	0.431156539328
267.5	0.75362	4.63551401869	0.0402743454261	0.034854012197	0.432079035381
268.0	0.7523	4.62686567164	0.0407784726838	0.0355988274644	0.434369100423
268.5	0.75284	4.61824953445	0.0405717453908	0.0351076833833	0.432863077962
269.0	0.7551	4.60966542751	0.0397139517945	0.0335139038192	0.427864500253
269.5	0.75476	4.60111317254	0.0398422396523	0.03360572879	0.428157276813
270.0	0.75687	4.59259259259	0.039050429334	0.0321638085257	0.423488739516
270.5	0.75577	4.58410351201	0.0394619347817	0.0327239394513	0.42532057771
271.0	0.75563	4.57564575646	0.039514509019	0.0326902294361	0.425211001164
271.5	0.75734	4.56721915285	0.0388754559379	0.0315249708422	0.421370059372
272.0	0.75662	4.55882352941	0.0391437078058	0.0318441370288	0.4224325463
272.5	0.75621	4.5504587156	0.0392969969321	0.0319763642927	0.422870384617
273.0	0.75362	4.54212454212	0.0402743454261	0.0334637847049	0.42770444559
273.5	0.75166	4.53382084095	0.0410243697949	0.0345949371159	0.431273860514
274.0	0.75302	4.52554744526	0.040502988234	0.0335982282638	0.428133384505
274.5	0.7547	4.51730418944	0.0398649065854	0.0324294941399	0.424360589039
275.0	0.75584	4.50909090909	0.0394356646909	0.0316195957481	0.421685898687
275.5	0.75896	4.50090744102	0.0382762474966	0.0296796566261	0.415063666407
276.0	0.75764	4.49275362319	0.0387640367457	0.0303307534882	0.417321538551
276.5	0.75461	4.48462929476	0.0398989226885	0.0320166167922	0.423003401308
277.0	0.75563	4.47653429603	0.039514509019	0.0312893839359	0.420580616308
277.5	0.75301	4.46846846847	0.0405068060849	0.0327622256525	0.425444926811
278.0	0.75557	4.46043165468	0.0395370547401	0.0311001444712	0.419943246755
278.5	0.75949	4.45242369838	0.0380815152932	0.0287489119833	0.411770617166
279.0	0.76091	4.44444444444	0.0375629365497	0.0278710953528	0.408590730028
279.5	0.76326	4.43649373882	0.036714767969	0.0265314705208	0.4035899382
280.0	0.76259	4.42857142857	0.0369553155037	0.0267843515422	0.404548210197
280.5	0.76341	4.42067736185	0.0366610524489	0.0262656102645	0.402575067065
281.0	0.76472	4.4128113879	0.0361940830631	0.0255097315277	0.399646921564
281.5	0.76479	4.40497335702	0.0361692386799	0.0253843067292	0.3991547729
282.0	0.76425	4.39716312057	0.0363611792607	0.0255635446567	0.399857520206
282.5	0.76299	4.38938053097	0.0368115834415	0.0261081118058	0.401970207444
283.0	0.76108	4.3816254417	0.0375011604562	0.0269997605898	0.405359147853
283.5	0.76192	4.37389770723	0.0371968752625	0.0264697695665	0.40335508851
284.0	0.76453	4.3661971831	0.036261573058	0.0250668620332	0.397900965242
284.5	0.76872	4.35852372583	0.0347918867728	0.0229950729372	0.389411432762
285.0	0.77263	4.35087719298	0.0334552870714	0.0211876686231	0.381523060252
285.5	0.77336	4.34325744308	0.0332094300197	0.020804342203	0.379785602825
286.0	0.77467	4.33566433566	0.0327711211871	0.0201880282633	0.376941084747
286.5	0.77182	4.32809773124	0.0337294397657	0.0213114192701	0.382078933895
287.0	0.77065	4.32055749129	0.0341279585415	0.0217420353695	0.383994540246
287.5	0.77135	4.31304347826	0.0338891699618	0.0213643427164	0.382315921049
288.0	0.771	4.30555555556	0.0340084306096	0.0214403354896	0.382655442071
288.5	0.77515	4.29809358752	0.0326114445591	0.0196467993096	0.374388889711
289.0	0.77519	4.29065743945	0.0325981605155	0.0195629287255	0.373988689572
289.5	0.77525	4.28324697755	0.03257824089	0.019471593512	0.37355140453
290.0	0.77238	4.27586206897	0.033539750123	0.0205668139761	0.378696904336
290.5	0.76877	4.26850258176	0.0347745833604	0.0220330676328	0.385273148368
291.0	0.76772	4.26116838488	0.0351391121763	0.0224201730931	0.386954356324
291.5	0.76625	4.2538593482	0.035653548124	0.0230023265161	0.389442138172
292.0	0.76791	4.24657534247	0.0350729695537	0.0221831258919	0.385927464291
292.5	0.77052	4.23931623932	0.0341724227794	0.0209866524809	0.380614906205
293.0	0.77002	4.23208191126	0.0343437835381	0.021125373984	0.381242318055
293.5	0.77121	4.22487223169	0.0339368421701	0.0205574866312	0.378653960914
294.0	0.76866	4.21768707483	0.0348126581323	0.0215587253599	0.383182591261
294.5	0.76747	4.21052631579	0.0352262635022	0.0219991515182	0.385124797284
295.0	0.76926	4.20338983051	0.0346053009386	0.0211584865182	0.381391622937
295.5	0.77023	4.19627749577	0.0342717453877	0.0206823958141	0.379227839051
296.0	0.77278	4.18918918919	0.0334046742928	0.0195827838986	0.374083547374
296.5	0.77344	4.18212478921	0.0331825568887	0.0192581103177	0.372523279452
297.0	0.77304	4.17508417508	0.0333170609542	0.0193492367472	0.372963180421
297.5	0.77325	4.16806722689	0.0332464031684	0.0192025438026	0.372254272586
298.0	0.77684	4.1610738255	0.0320531805777	0.0177890642066	0.36520631255
298.5	0.7774	4.1541038526	0.0318695394906	0.0175269470838	0.363853510054
299.0	0.77988	4.14715719064	0.0310642755296	0.0165967653127	0.358926780325
299.5	0.78229	4.14023372287	0.030294164632	0.0157314110627	0.35415381124
300.0	0.7829	4.13333333333	0.0301011687316	0.0154798795557	0.352729590608
300.5	0.78413	4.12645590682	0.0297143693648	0.0150344468038	0.350164297127
301.0	0.78394	4.1196013289	0.0297739135648	0.0150446547431	0.350223719768
301.5	0.78398	4.1127694859	0.0297613717187	0.0149821667289	0.349859488171
302.0	0.78125	4.1059602649	0.030625	0.0158118133525	0.3546054612
302.5	0.78426	4.09917355372	0.0296736717415	0.0147956888126	0.348765724297
303.0	0.78491	4.09240924092	0.0294707088074	0.0145458557341	0.347284035135
303.5	0.78435	4.08566721582	0.0296455169886	0.0146704702942	0.348025454322
304.0	0.78508	4.07894736842	0.0294177704183	0.0143984489776	0.346400833187
304.5	0.78119	4.07224958949	0.0306441557752	0.015572706521	0.353257202015
305.0	0.78191	4.06557377049	0.0304147843742	0.0152902003254	0.351644066617
305.5	0.786	4.0589198036	0.0291323155216	0.0139820532297	0.343868772056
306.0	0.79155	4.0522875817	0.027447035879	0.0123706186027	0.333501548193
306.5	0.78641	4.04567699837	0.0290056637759	0.0137704467307	0.342560281937
307.0	0.78746	4.03908794788	0.0286828864958	0.0134218483651	0.340371416479
307.5	0.78497	4.0325203252	0.0294520178478	0.0141053296416	0.344624230996
308.0	0.77844	4.02597402597	0.0315302615487	0.0161137671613	0.356286421335
308.5	0.79118	4.01944894652	0.0275574410374	0.0122690463546	0.332814854456
309.0	0.79965	4.01294498382	0.0250985571813	0.0101443429751	0.317362772142
309.5	0.80862	4.00646203554	0.0226474143603	0.00823302275536	0.301224178707
310.0	0.81987	4.0	0.0197877815385	0.00626490077147	0.281338099365
310.5	0.81923	3.99355877617	0.0199442115767	0.00634386462395	0.282220447835
311.0	0.81453	3.98713826367	0.0211159324396	0.00708831680869	0.290158822376
311.5	0.80228	3.98073836276	0.0243638121354	0.0094062767534	0.311425691989
312.0	0.7955	3.97435897436	0.0262855122564	0.0109135758803	0.323215193845
312.5	0.79848	3.968	0.025429760545	0.0101818775182	0.317655929966
313.0	0.80821	3.96166134185	0.0227560931565	0.00812737130304	0.300253117469
313.5	0.81996	3.95534290271	0.0197658432119	0.00611221992364	0.279608096564
314.0	0.83138	3.94904458599	0.017099704347	0.00455996256389	0.259860529657
314.5	0.83241	3.94276629571	0.0168705374155	0.00442445625462	0.257908096639
315.0	0.8208	3.93650793651	0.0195617933723	0.00592979387539	0.277498026772
315.5	0.81909	3.93026941363	0.0199785298929	0.0061655482211	0.280215996987
316.0	0.80811	3.92405063291	0.0227826484637	0.00799240758293	0.298998772779
316.5	0.80937	3.91785150079	0.022449434066	0.00773582677244	0.296569635916
317.0	0.81178	3.91167192429	0.0218204244992	0.00728536367944	0.292154654062
317.5	0.81367	3.90551181102	0.0213347357651	0.006942732747	0.288657344469
318.0	0.83116	3.89937106918	0.0171488916695	0.00447158246204	0.258592134537
318.5	0.8421	3.89324960754	0.0148037109607	0.00332174041862	0.240071951481
319.0	0.85199	3.88714733542	0.0128563481379	0.00249745259001	0.223549814152
319.5	0.85408	3.88106416275	0.0124652529037	0.00234047406875	0.219951008918
320.0	0.84328	3.875	0.0145628725927	0.00318447257944	0.237552375902
320.5	0.83604	3.86895475819	0.0160775092101	0.00386923258628	0.249405604905
321.0	0.82838	3.86292834891	0.01777772544	0.00471612920635	0.262057397494
321.5	0.82425	3.85692068429	0.0187370715802	0.00522257694967	0.268825964038
322.0	0.8255	3.85093167702	0.0184435190793	0.00504451253555	0.266504656354
322.5	0.82199	3.84496124031	0.0192749060816	0.00549247986586	0.272233845791
323.0	0.82327	3.83900928793	0.0189691674056	0.00530316163507	0.269857017426
323.5	0.82043	3.83307573416	0.0196515149982	0.00567396790186	0.274455361178
324.0	0.81352	3.82716049383	0.0213730396302	0.00669092145919	0.286003588974
324.5	0.80606	3.82126348228	0.0233312182716	0.00794856630546	0.29858789724
325.0	0.81148	3.81538461538	0.0218981308227	0.00698056765077	0.289049807899
325.5	0.81078	3.80952380952	0.0220801008905	0.00707527771914	0.290025292102
326.0	0.82243	3.8036809816	0.0191694763688	0.00531653491074	0.270026985117
326.5	0.82791	3.797856049	0.0178853789059	0.00461395430948	0.260626350292
327.0	0.82117	3.79204892966	0.0194723193127	0.00545234376991	0.271735142386
327.5	0.83945	3.78625954198	0.0153530898207	0.00337918791273	0.241103261763
328.0	0.8351	3.78048780488	0.0162806909352	0.00378827368132	0.248090615573
328.5	0.83429	3.77473363775	0.0164569898357	0.0038589879668	0.249240352088
329.0	0.83806	3.76899696049	0.0156459940816	0.00347742600603	0.242836784975
329.5	0.82565	3.76327769347	0.0184084796827	0.00479919479058	0.263203763196
330.0	0.81558	3.75757575758	0.0208506439589	0.0061383894026	0.279906902862
330.5	0.82228	3.75189107413	0.0192053791896	0.00519213786016	0.268433400971
331.0	0.82684	3.74622356495	0.0181319152436	0.00461396975544	0.260626568414
331.5	0.82831	3.74057315234	0.0177937342903	0.00443006916719	0.257989853998
332.0	0.8373	3.73493975904	0.0158075301565	0.00348574201293	0.242981836509
332.5	0.83907	3.72932330827	0.0154328392744	0.00331246835128	0.239904245938
333.0	0.83232	3.72372372372	0.0168904882737	0.00395584541593	0.250789776287
333.5	0.83173	3.71814092954	0.0170216253472	0.00400547244474	0.251572657279
334.0	0.84227	3.7125748503	0.0147688703741	0.00300638775681	0.234159212328
334.5	0.84177	3.70702541106	0.0148714808677	0.00303920195246	0.234795565283
335.0	0.8455	3.70149253731	0.0141160555884	0.00273011207678	0.228583626747
335.5	0.85704	3.69597615499	0.0119233417343	0.00194202270969	0.209924716834
336.0	0.85785	3.69047619048	0.0117774800373	0.00188916360011	0.208481437211
336.5	0.85382	3.68499257058	0.0125135229908	0.00212633860891	0.214737605586
337.0	0.85648	3.67952522255	0.0120247935737	0.00195766703563	0.21034621758
337.5	0.84196	3.67407407407	0.0148324395458	0.00296975751379	0.233442673028
338.0	0.82266	3.66863905325	0.0191145039263	0.00491740561177	0.264809772455
338.5	0.81917	3.66322008863	0.0199589150604	0.00534564216795	0.270395818378
339.0	0.80794	3.65781710914	0.0228278359779	0.0069722581838	0.28896375033
339.5	0.81236	3.65243004418	0.0216706691615	0.00626481797471	0.281337169821
340.0	0.83688	3.64705882353	0.0158972220629	0.00336146054275	0.240786428177
340.5	0.84822	3.64170337739	0.0135797130461	0.00244562758166	0.222380949868
341.0	0.86032	3.63636363636	0.0113390961503	0.00170016663147	0.203059294075
341.5	0.86142	3.63103953148	0.0111469529382	0.00163822779236	0.201184061928
342.0	0.854	3.62573099415	0.0124800936768	0.00204751385237	0.212719210355
342.5	0.84792	3.6204379562	0.0136382715351	0.00243804032465	0.222208271499
343.0	0.8488	3.61516034985	0.0134669180019	0.00237023584569	0.220646930627
343.5	0.84991	3.60989810771	0.0132525844501	0.00228871148155	0.218724666027
344.0	0.85167	3.60465116279	0.0129168509517	0.0021679026772	0.215779382246
344.5	0.85573	3.59941944848	0.0121614486462	0.00191617662659	0.209222739631
345.0	0.85747	3.59420289855	0.0118457793859	0.00181272723784	0.206339852196
345.5	0.86577	3.58900144718	0.010405588609	0.00139469926018	0.193250284803
346.0	0.86043	3.5838150289	0.011319796439	0.00164576721648	0.201415134988
346.5	0.86212	3.57864357864	0.0110256660326	0.00155684924199	0.198637682598
347.0	0.85223	3.5734870317	0.0128110796968	0.00209582919869	0.213963144393
347.5	0.84758	3.56834532374	0.0137048163005	0.00239155399049	0.221141396303
348.0	0.85271	3.5632183908	0.012720821909	0.00205454296404	0.212901541968
348.5	0.86076	3.5581061693	0.0112620112459	0.0016057196379	0.200178499576
349.0	0.87358	3.55300859599	0.00914742576524	0.00105630735516	0.180280011025
349.5	0.87802	3.54792560801	0.00847311017972	0.000903721714778	0.173383864838
350.0	0.88269	3.54285714286	0.00779528265869	0.000762730330011	0.1661853569
350.5	0.88354	3.53780313837	0.0076753353555	0.00073733023976	0.164784178575
351.0	0.88147	3.53276353276	0.00796927910195	0.000792623987637	0.167790281583
351.5	0.88141	3.52773826458	0.00797789229757	0.000792080003809	0.167761485237
352.0	0.87399	3.52272727273	0.00908392550258	0.00102401229516	0.178885975167
352.5	0.87157	3.51773049645	0.00946238678477	0.0011079662215	0.182444858963
353.0	0.86702	3.51274787535	0.0101979656755	0.00128327889339	0.189269337875
353.5	0.86786	3.50777934936	0.0100597905192	0.00124520945183	0.187849741661
354.0	0.87549	3.50282485876	0.00885375052828	0.0009618146941	0.176105472498
354.5	0.87802	3.49788434415	0.00847311017972	0.000878408639997	0.172156787388
355.0	0.88776	3.49295774648	0.00709528340993	0.00061422311887	0.15742784109
355.5	0.89619	3.48804500703	0.00601240590723	0.000439805590843	0.144815546144
356.0	0.90236	3.48314606742	0.00528257546877	0.000338559336492	0.135646533203
356.5	0.89897	3.47826086957	0.00567708649899	0.00038991983204	0.140521841087
357.0	0.91042	3.47338935574	0.00440707387799	0.000234319051035	0.123723415317
357.5	0.90973	3.46853146853	0.004478621624	0.000241312613573	0.124636431426
358.0	0.91225	3.46368715084	0.00422036859414	0.000213686990276	0.120905072149
358.5	0.91841	3.45885634589	0.00362415919905	0.000157137407525	0.111961806185
359.0	0.90988	3.45403899721	0.00446301402383	0.000237635312004	0.124158867921
359.5	0.8987	3.44923504868	0.00570918549015	0.000387787573008	0.140329336534
360.0	0.89384	3.44444444444	0.00630422983979	0.00047152252632	0.147358642258
360.5	0.89397	3.43966712899	0.00628788488428	0.00046778037391	0.147065396839
361.0	0.8922	3.43490304709	0.00651246357319	0.000500402626772	0.149564972409
361.5	0.89807	3.43015214385	0.00578447387175	0.000393690100585	0.140860304743
362.0	0.89543	3.42541436464	0.00610594066538	0.000437452989398	0.144621495169
362.5	0.89886	3.42068965517	0.00569015174777	0.000378856764126	0.139514311882
363.0	0.90884	3.41597796143	0.00457184190837	0.000243900409184	0.124969241024
363.5	0.91885	3.41127922971	0.00358345894324	0.000149430553779	0.110563009472
364.0	0.92007	3.40659340659	0.00347191240884	0.000139887246944	0.108753822555
364.5	0.91779	3.40192043896	0.00368193383018	0.000156891806509	0.11191803229
365.0	0.91222	3.39726027397	0.00422339369889	0.000205864175243	0.119783002277
365.5	0.90727	3.3926128591	0.00473886103365	0.000258473815798	0.12679558699
366.0	0.91138	3.38797814208	0.00430857841954	0.000213083196577	0.120819574196
366.5	0.91396	3.38335607094	0.00404989364961	0.000187751169074	0.117056534487
367.0	0.91557	3.37874659401	0.00389288907457	0.000173003663472	0.114686902921
367.5	0.91716	3.37414965986	0.00374114963583	0.000159345147218	0.112353009623
368.0	0.92099	3.36956521739	0.0033890596532	0.000130408578036	0.106862797676
368.5	0.91946	3.36499321574	0.00352744632719	0.000140892934496	0.108948763003
369.0	0.91762	3.36043360434	0.00369786207798	0.000154415913794	0.111473853396
369.5	0.91783	3.35588633288	0.00367819144068	0.000152364272979	0.111101720894
370.0	0.91386	3.35135135135	0.00405975729324	0.000185114340255	0.116643358537
370.5	0.91397	3.34682860999	0.00404890800573	0.000183629632243	0.116408767508
371.0	0.91953	3.3423180593	0.00352104928605	0.000138496806502	0.108482563652
371.5	0.92081	3.33781965007	0.00340518462006	0.000129183504069	0.106610938167
372.0	0.92241	3.33333333333	0.00326330379116	0.000118323907037	0.104296113561
372.5	0.92375	3.3288590604	0.00314698917456	0.00010974413357	0.102351763183
373.0	0.92143	3.32439678284	0.00334981762044	0.0001240132337	0.105527830076
373.5	0.92281	3.31994645248	0.00322834391695	0.000114874000644	0.103527430831
374.0	0.92628	3.31550802139	0.00293358293389	9.46012569489e-05	0.0986220956415
374.5	0.92744	3.31108144192	0.00283843353748	8.8327753612e-05	0.0969447502966
375.0	0.9286	3.30666666667	0.00274497092397	8.23865528762e-05	0.0952717369174
375.5	0.92618	3.30226364847	0.00294186464834	9.43775855421e-05	0.0985637493551
376.0	0.92348	3.29787234043	0.0031702421276	0.000109308150485	0.10224995758
376.5	0.92212	3.29349269588	0.00328877716566	0.000117322769447	0.104074797975
377.0	0.92294	3.28912466844	0.00321702580883	0.000111961771152	0.102864954901
377.5	0.92706	3.28476821192	0.00286941708196	8.88375999679e-05	0.0970843448634
378.0	0.93004	3.28042328042	0.00263128553611	7.45067684913e-05	0.0929071059181
378.5	0.93173	3.27608982827	0.00250114995761	6.71415038323e-05	0.0905206713137
379.0	0.93144	3.27176781003	0.00252322940823	6.81519718446e-05	0.0908593459978
379.5	0.93214	3.2674571805	0.00247011157122	6.51407793389e-05	0.0898386542087
380.0	0.93219	3.26315789474	0.00246634060653	6.47712507912e-05	0.0897109738065
380.5	0.93312	3.25886990802	0.00239676268861	6.10076250207e-05	0.0883783785922
381.0	0.93297	3.25459317585	0.00240791284822	6.14150694195e-05	0.0885255710168
381.5	0.93201	3.250327654	0.0024799305265	6.4973059081e-05	0.0897807706041
382.0	0.93158	3.24607329843	0.00251255737564	6.65194454957e-05	0.0903102729917
382.5	0.93152	3.24183006536	0.00251712813466	6.65872591882e-05	0.0903332810503
383.0	0.93259	3.23759791123	0.00243628395115	6.22159348334e-05	0.0888127684029
383.5	0.93214	3.2333767927	0.00247011157122	6.37889970786e-05	0.0893689063924
384.0	0.93373	3.22916666667	0.00235170386514	5.76695001912e-05	0.0871438106304
384.5	0.9334	3.22496749025	0.0023760231412	5.8715398707e-05	0.0875362632653
385.0	0.93365	3.22077922078	0.00235758715793	5.76577148108e-05	0.0871393580963
385.5	0.93489	3.21660181582	0.00226727855684	5.31868618663e-05	0.0853986669855
386.0	0.93542	3.21243523316	0.00222925338351	5.12846776301e-05	0.0846246542848
386.5	0.93684	3.20827943079	0.00212906451475	4.66575593324e-05	0.0826476490259
387.0	0.93855	3.20413436693	0.00201166826488	4.15464738236e-05	0.0802848393057
387.5	0.93773	3.2	0.00206752098152	4.37723444124e-05	0.0813392103531
388.0	0.93735	3.19587628866	0.00209368032218	4.47713986304e-05	0.081799408908
388.5	0.93689	3.19176319176	0.00212558149836	4.60274427461e-05	0.0823671827099
389.0	0.93457	3.18766066838	0.00229040355458	5.33050292139e-05	0.0854460609135
389.5	0.93477	3.18356867779	0.0022759357382	5.24986864477e-05	0.0851210768776
390.0	0.93246	3.17948717949	0.00244603071445	6.04836467805e-05	0.0881879997349
390.5	0.93198	3.17541613316	0.00248219940342	6.21261767184e-05	0.088780718804
391.0	0.93263	3.17135549872	0.00243328913932	5.9549386413e-05	0.0878454602808
391.5	0.93394	3.16730523627	0.00233629762083	5.47565618356e-05	0.0860219023735
392.0	0.93489	3.16326530612	0.00226727855684	5.14376356119e-05	0.0846876826826
392.5	0.93835	3.15923566879	0.00202521580434	4.09361187595e-05	0.0799883366877
393.0	0.94164	3.15521628499	0.00180848816958	3.25603911772e-05	0.0755392038868
393.5	0.94299	3.15120711563	0.001723316313	2.94906194576e-05	0.0736921069587
394.0	0.94409	3.14720812183	0.00165552442034	2.71470166528e-05	0.0721822686093
394.5	0.94347	3.14321926489	0.00169355724082	2.83366897524e-05	0.0729604121805
395.0	0.94148	3.13924050633	0.00181872711051	3.25974974646e-05	0.0755607160849
395.5	0.94034	3.13527180784	0.00189256843269	3.5208990926e-05	0.0770306202197
396.0	0.94246	3.13131313131	0.00175649449313	3.02514770038e-05	0.0741628901232
396.5	0.94409	3.12736443884	0.00165552442034	2.68057627641e-05	0.0719543480257
397.0	0.94583	3.1234256927	0.00155122426863	2.34753209176e-05	0.0696069948768
397.5	0.9467	3.11949685535	0.00150041723883	2.19075188921e-05	0.0684145222759
398.0	0.94612	3.11557788945	0.00153418932059	2.28473132844e-05	0.0691367219751
398.5	0.94495	3.11166875784	0.0016035253188	2.48965037063e-05	0.0706373813
399.0	0.94466	3.10776942356	0.00162096182754	2.53771679698e-05	0.070975880441
399.5	0.94635	3.10387984981	0.00152074945845	2.22805108404e-05	0.0687038834469
400.0	0.94731	3.1	0.00146532608122	2.06344048385e-05	0.0673981516941
400.5	0.94798	3.0961298377	0.00142728770649	1.95281624752e-05	0.0664760712968
401.0	0.94969	3.09226932668	0.00133259068749	1.69804100293e-05	0.0641929069909
401.5	0.95168	3.08841843088	0.00122668459987	1.43528483837e-05	0.0615509165416
402.0	0.95297	3.08457711443	0.00116048821054	1.28136462387e-05	0.059829886978
402.5	0.95383	3.08074534161	0.00111742600883	1.18508404774e-05	0.0586728640114
403.0	0.95465	3.07692307692	0.00107716047766	1.098484918e-05	0.0575703042485
403.5	0.95341	3.07311028501	0.00113834976558	1.22379235855e-05	0.059146211819
404.0	0.95317	3.06930693069	0.00115039756811	1.24674188482e-05	0.0594215720834
404.5	0.95239	3.06551297899	0.00119001254738	1.33078960412e-05	0.0603986664518
405.0	0.95029	3.06172839506	0.00130017368382	1.58465989491e-05	0.0630934123841
405.5	0.95079	3.05795314427	0.00127348000084	1.51651220999e-05	0.062403863444
406.0	0.95261	3.05418719212	0.00117876785883	1.29612794494e-05	0.0600014807894
406.5	0.95384	3.05043050431	0.00111693030278	1.16084548838e-05	0.0583705256681
407.0	0.95518	3.04668304668	0.00105154651479	1.02638791173e-05	0.056601492378
407.5	0.95486	3.04294478528	0.00106697295939	1.05413193471e-05	0.0569801702595
408.0	0.95271	3.03921568627	0.00117367514774	1.27238593971e-05	0.059724801545
408.5	0.95299	3.03549571603	0.00115947706692	1.2387497363e-05	0.0593261128801
409.0	0.95377	3.03178484108	0.00112040266521	1.15383848644e-05	0.0582822427185
409.5	0.95351	3.02808302808	0.00113334946671	1.17777748357e-05	0.0585822181641
410.0	0.95311	3.0243902439	0.00115341990956	1.21688781986e-05	0.0590626101827
410.5	0.95128	3.02070645554	0.00124760238836	1.42026518851e-05	0.0613892546662
411.0	0.95015	3.01703163017	0.00130770009998	1.55659646722e-05	0.0628122007609
411.5	0.95107	3.01336573512	0.00125865861609	1.4385322327e-05	0.0615857024472
412.0	0.9549	3.00970873786	0.0010650382239	1.02749407866e-05	0.056616736471
412.5	0.95882	3.00606060606	0.000884312175382	7.06653759106e-06	0.0515586655556
413.0	0.96097	3.00242130751	0.000792605856582	5.66314681966e-06	0.0487825451597
413.5	0.96199	2.99879081016	0.000750922618738	5.07087277599e-06	0.0474537653744
414.0	0.95944	2.99516908213	0.00085733010923	6.59384661916e-06	0.0506739443535
414.5	0.95808	2.99155609168	0.00091708750835	7.52689497909e-06	0.0523786093955
415.0	0.9566	2.98795180723	0.000984507631194	8.65337153254e-06	0.0542370846917
415.5	0.95526	2.98435619735	0.00104770826791	9.7764696487e-06	0.0559172125767
416.0	0.95624	2.98076923077	0.00100128503305	8.90783487818e-06	0.0546314892506
416.5	0.95636	2.97719087635	0.000995676105232	8.78718011602e-06	0.0544455490954
417.0	0.95763	2.97362110312	0.00093732281779	7.76872304722e-06	0.0527943454492
417.5	0.9593	2.97005988024	0.000863384759721	6.57565724078e-06	0.0506389616408
418.0	0.96022	2.96650717703	0.00082400304097	5.97514481883e-06	0.0494409843645
418.5	0.9619	2.96296296296	0.000754553487889	4.99841726055e-06	0.0472833378495
419.0	0.96236	2.95942720764	0.000736091275614	4.74546380355e-06	0.0466734244336
419.5	0.96257	2.95589988081	0.000727741826568	4.62736878856e-06	0.0463802973084
420.0	0.96323	2.95238095238	0.000701822461925	4.29337988307e-06	0.0455197459191
420.5	0.96341	2.94887039239	0.000694838178968	4.19835073188e-06	0.0452657456965
421.0	0.96437	2.94536817102	0.000658200120286	3.7583315807e-06	0.0440300089082
421.5	0.96413	2.9418742586	0.000667263180277	3.85338617143e-06	0.0443058051926
422.0	0.96312	2.93838862559	0.000706108480771	4.30488271457e-06	0.0455502044818
422.5	0.96281	2.9349112426	0.000718260144785	4.44378952825e-06	0.0459132853763
423.0	0.96317	2.93144208038	0.000704158611668	4.26092240583e-06	0.0454334698818
423.5	0.96303	2.9279811098	0.000709625297239	4.31712595115e-06	0.0455825565908
424.0	0.96339	2.92452830189	0.000695612420723	4.13853195896e-06	0.0451036385622
424.5	0.96301	2.9210836278	0.00071040804353	4.30629444182e-06	0.0455539384138
425.0	0.96411	2.91764705882	0.00066802133574	3.79879779484e-06	0.0441480518874
425.5	0.96558	2.91421856639	0.000613484330661	3.19632690732e-06	0.0422827083641
426.0	0.96687	2.91079812207	0.000567603142098	2.7296926727e-06	0.040646994478
426.5	0.9675	2.90738569754	0.000545865633075	2.51870210148e-06	0.0398376948929
427.0	0.9662	2.90398126464	0.000591202649555	2.94754445426e-06	0.0414347851196
427.5	0.96623	2.90058479532	0.000590135319748	2.93004539093e-06	0.0413731499362
428.0	0.96582	2.89719626168	0.00060480855646	3.07037686923e-06	0.0418598744481
428.5	0.96564	2.89381563594	0.000611309390663	3.1294199897e-06	0.0420596798977
429.0	0.96527	2.89044289044	0.000624785241435	3.26129669451e-06	0.0424959534445
429.5	0.96533	2.88707799767	0.000622589632561	3.23087981417e-06	0.0423965190758
430.0	0.96507	2.88372093023	0.000632132850467	3.32294520242e-06	0.0426953713133
430.5	0.96455	2.88037166086	0.00065144497434	3.52089063034e-06	0.0433174750268
431.0	0.96498	2.87703016241	0.000635453791788	3.34238736579e-06	0.0427576861604
431.5	0.96455	2.87369640788	0.00065144497434	3.50459023264e-06	0.0432672518505
432.0	0.96474	2.87037037037	0.000644353711881	3.42077528704e-06	0.0430062065593
432.5	0.96414	2.86705202312	0.000666884269919	3.65571300754e-06	0.0437263295425
433.0	0.96434	2.86374133949	0.000659329489599	3.56510708316e-06	0.0434528378327
433.5	0.9641	2.86043829296	0.000668400580853	3.65543279616e-06	0.0437254916097
434.0	0.96472	2.85714285714	0.000645098266855	3.39715733795e-06	0.0429317819954
434.5	0.96605	2.85385500575	0.000596554267377	2.89843604668e-06	0.0412611122264
435.0	0.96675	2.85057471264	0.000571793379881	2.65670358715e-06	0.0403725123016
435.5	0.96786	2.84730195178	0.000533641022462	2.30868917624e-06	0.0389799579888
436.0	0.96768	2.84403669725	0.000539735449735	2.35630919812e-06	0.0391794260531
436.5	0.96823	2.84077892325	0.000521225793458	2.19243472731e-06	0.0384796991713
437.0	0.9675	2.83752860412	0.000545865633075	2.39912016787e-06	0.0393561856365
437.5	0.96748	2.83428571429	0.000546548972589	2.39963628389e-06	0.0393583021123
438.0	0.96828	2.83105022831	0.000519559631512	2.16354508437e-06	0.038352306494
438.5	0.96828	2.82782212087	0.000519559631512	2.15861392909e-06	0.0383304346323
439.0	0.96806	2.82460136674	0.00052691134847	2.21508009568e-06	0.0385786795399
439.5	0.96829	2.82138794084	0.000519226729595	2.14604930159e-06	0.038274535052
440.0	0.96725	2.81818181818	0.000554439131559	2.44143837463e-06	0.0395286007828
440.5	0.96559	2.81498297389	0.000613121562982	2.97882318338e-06	0.0415442747045
441.0	0.96632	2.81179138322	0.000586939316169	2.72365813167e-06	0.0406245112177
441.5	0.9655	2.80860702152	0.000616390471258	2.99704861194e-06	0.0416076748398
442.0	0.96629	2.80542986425	0.000588003653148	2.72119008674e-06	0.0406153051057
442.5	0.96768	2.80225988701	0.000539735449735	2.28759272662e-06	0.0388906029831
443.0	0.96815	2.79909706546	0.000523897381604	2.15044516923e-06	0.0382941199592
443.5	0.96791	2.79594137542	0.000531954468907	2.21210147542e-06	0.0385657037983
444.0	0.9679	2.79279279279	0.000532291559045	2.2099201849e-06	0.0385561931441
444.5	0.96823	2.78965129359	0.000521225793458	2.11422711315e-06	0.0381318529444
445.0	0.96805	2.78651685393	0.000527246784774	2.15849590178e-06	0.0383299106698
445.5	0.96838	2.78338945006	0.000516235568682	2.06463745606e-06	0.0379062611664
446.0	0.96773	2.7802690583	0.000538038967481	2.23769614701e-06	0.0386767771853
446.5	0.96707	2.7771556551	0.000560654812992	2.42432898206e-06	0.0394591647714
447.0	0.96687	2.774049217	0.000567603142098	2.47923620793e-06	0.0396807138533
447.5	0.96791	2.77094972067	0.000531954468907	2.17273226892e-06	0.0383929562163
448.0	0.96889	2.76785714286	0.000499454065993	1.91107815561e-06	0.0371808755153
448.5	0.96982	2.76477146042	0.000469588377225	1.68559468767e-06	0.0360319933323
449.0	0.96909	2.76169265033	0.000492951170686	1.85335448352e-06	0.0368968782563
449.5	0.96883	2.75862068966	0.000501413509078	1.91326901944e-06	0.0371915269949
450.0	0.96939	2.75555555556	0.000483279227143	1.77343223896e-06	0.0364925027812
450.5	0.96954	2.75249722531	0.00047848031025	1.73453042339e-06	0.0362907112954
451.0	0.97116	2.74944567627	0.000428222743935	1.38621229516e-06	0.0343129009528
451.5	0.9709	2.74640088594	0.000436095375425	1.43446786452e-06	0.034607697488
452.0	0.97002	2.74336283186	0.000463289622894	1.61536863473e-06	0.0356506876769
452.5	0.97055	2.74033149171	0.000446809798568	1.49917240816e-06	0.0349915270004
453.0	0.97026	2.73730684327	0.000455788963783	1.5565912209e-06	0.0353218664519
453.5	0.97046	2.73428886439	0.000449586587804	1.51117750806e-06	0.0350613690635
454.0	0.97099	2.73127753304	0.000433361878083	1.40098367287e-06	0.0344039468853
454.5	0.9713	2.72827282728	0.000424014207763	1.33824741557e-06	0.0340121513789
455.0	0.97134	2.72527472527	0.000422815697902	1.32776978959e-06	0.0339453816438
455.5	0.97119	2.72228320527	0.000427319113665	1.35322884203e-06	0.0341069442551
456.0	0.97075	2.71929824561	0.000440670873036	1.43596011409e-06	0.0346166944109
456.5	0.96944	2.71631982475	0.000481676844364	1.71188010443e-06	0.0361716513512
457.0	0.9704	2.71334792123	0.00045144270404	1.50043175649e-06	0.0349988731613
457.5	0.97041	2.71038251366	0.000451133077771	1.49510094617e-06	0.0349677452136
458.0	0.97037	2.70742358079	0.000452372239455	1.50004506361e-06	0.0349966179565
458.5	0.97107	2.70447110142	0.000430939530621	1.3583051862e-06	0.0341388855562
459.0	0.96979	2.70152505447	0.000470536971922	1.61586660636e-06	0.0356534348794
459.5	0.96977	2.69858541893	0.000471169916578	1.61669258432e-06	0.0356579902226
460.0	0.96901	2.69565217391	0.000495547053178	1.78442172793e-06	0.0365489054716
460.5	0.96851	2.69272529859	0.000511930749295	1.9002315916e-06	0.0371280066763
461.0	0.96806	2.68980477223	0.00052691134847	2.0087071448e-06	0.0376468944225
461.5	0.96831	2.68689057421	0.000518561256209	1.94133324188e-06	0.0373271664001
462.0	0.96878	2.68398268398	0.000503049402341	1.82297492063e-06	0.0367447395564
462.5	0.96867	2.68108108108	0.0005066580466	1.84522693293e-06	0.0368563604187
463.0	0.96814	2.67818574514	0.000524231825976	1.97118849146e-06	0.0374698572652
463.5	0.96773	2.67529665588	0.000538038967481	2.07191223282e-06	0.0379396079373
464.0	0.96809	2.6724137931	0.000525905700916	1.97525498523e-06	0.0374891670886
464.5	0.96869	2.66953713671	0.000506000939413	1.82462902864e-06	0.0367530719665
465.0	0.97015	2.66666666667	0.000459218935216	1.49960554995e-06	0.0349940541699
465.5	0.97179	2.66380236305	0.000409452710977	1.18962888748e-06	0.0330257641707
466.0	0.97217	2.66094420601	0.00039834025942	1.12351775679e-06	0.0325570454022
466.5	0.97308	2.65809217578	0.000372367328483	9.79677676567e-07	0.0314608754226
467.0	0.97281	2.65524625268	0.000379979697988	1.01795925604e-06	0.0317638106841
467.5	0.97247	2.65240641711	0.000389678293418	1.06829837821e-06	0.0321494199959
468.0	0.9726	2.64957264957	0.000385955171705	1.04574402935e-06	0.0319783718615
468.5	0.97243	2.64674493063	0.000390827565994	1.07002655501e-06	0.0321624140737
469.0	0.97321	2.64392324094	0.000368730335693	9.50419684235e-07	0.0312233038639
469.5	0.97333	2.64110756124	0.000365389384895	9.31288048844e-07	0.0310649749274
470.0	0.9735	2.63829787234	0.000360683102209	9.05522502564e-07	0.0308478437033
470.5	0.9725	2.63549415515	0.00038881748072	1.05006378058e-06	0.0320113448305
471.0	0.97261	2.63269639066	0.000385669538664	1.03093725199e-06	0.0318645697041
471.5	0.97267	2.62990455992	0.000383958022762	1.0196414204e-06	0.0317769248808
472.0	0.97189	2.62711864407	0.000406513134202	1.1405347894e-06	0.0326796302599
472.5	0.97218	2.62433862434	0.000398049949598	1.09122646747e-06	0.0323205485279
473.0	0.97037	2.62156448203	0.000452372239455	1.40641335152e-06	0.0344372326939
473.5	0.96886	2.61879619852	0.000500433292736	1.71749623201e-06	0.0362012818092
474.0	0.96996	2.61603375527	0.000465174646377	1.48087622011e-06	0.0348842740647
474.5	0.96979	2.61327713383	0.000470536971922	1.51202316007e-06	0.0350662731031
475.0	0.9711	2.61052631579	0.000430032952322	1.26025846299e-06	0.0335054076038
475.5	0.97194	2.60778128286	0.000405047430911	1.1157171059e-06	0.03250038629
476.0	0.97137	2.60504201681	0.00042191796123	1.2080516216e-06	0.0331528885114
476.5	0.97188	2.60230849948	0.000406806601638	1.12071076716e-06	0.0325366912437
477.0	0.97258	2.59958071279	0.000386526763865	1.00963815289e-06	0.031698699032
477.5	0.97194	2.59685863874	0.000405047430911	1.10639035804e-06	0.0324322512333
478.0	0.97285	2.59414225941	0.000378846944544	9.65862166996e-07	0.0313493679154
478.5	0.97334	2.59143155695	0.000365111677317	8.9522238342e-07	0.0307597451617
479.0	0.97267	2.58872651357	0.000383958022762	9.87961080901e-07	0.0315271678655
479.5	0.97357	2.58602711157	0.000358754326859	8.60717122744e-07	0.0304589628131
480.0	0.97339	2.58333333333	0.000363724766024	8.82890089637e-07	0.0306532594063
480.5	0.97421	2.58064516129	0.000341365875941	7.76062676423e-07	0.0296807041017
481.0	0.97466	2.57796257796	0.00032940492069	7.2112969986e-07	0.0291409258353
481.5	0.97504	2.57528556594	0.000319474893338	6.76899596216e-07	0.0286834286914
482.0	0.97551	2.57261410788	0.000307408483767	6.2543328684e-07	0.0281219380951
482.5	0.97476	2.56994818653	0.000326776642456	7.05262427045e-07	0.0289792863901
483.0	0.9743	2.56728778468	0.000338956173663	7.57244636107e-07	0.0294991193799
483.5	0.97462	2.56463288521	0.000330459255915	7.18267564072e-07	0.0291119678988
484.0	0.97331	2.56198347107	0.000365945125397	8.78991306908e-07	0.0306193625438
484.5	0.97307	2.55933952528	0.000372647856783	9.09605469594e-07	0.0308825580041
485.0	0.97292	2.55670103093	0.000376868807302	9.28411004601e-07	0.0310409546914
485.5	0.97276	2.55406797116	0.000381398083803	9.48903209045e-07	0.0312108415475
486.0	0.97333	2.55144032922	0.000365389384895	8.69125884556e-07	0.0305330839007
486.5	0.97321	2.54881808839	0.000368730335693	8.83273942866e-07	0.0306565906348
487.0	0.97328	2.54620123203	0.000366779549564	8.72159013682e-07	0.030559688169
487.5	0.97362	2.54358974359	0.000357379881268	8.26331542188e-07	0.030150087903
488.0	0.97493	2.54098360656	0.00032233334701	6.70832665394e-07	0.0286189404171
488.5	0.97495	2.5383828045	0.000321812657059	6.67299003752e-07	0.0285811776341
489.0	0.97609	2.53578732106	0.000292845997808	5.5144758393e-07	0.0272505994111
489.5	0.97589	2.53319713994	0.000297826650545	5.69200263761e-07	0.0274673191149
490.0	0.97539	2.5306122449	0.000310466633859	6.17278394276e-07	0.0280298174321
490.5	0.9762	2.52803261978	0.00029012497439	5.37942153418e-07	0.0270821970872
491.0	0.97684	2.52545824847	0.000274551410671	4.80759356363e-07	0.0263318841846
491.5	0.97688	2.52288911495	0.000273592662354	4.76436710212e-07	0.0262724941675
492.0	0.97636	2.52032520325	0.000286190339629	5.20263196427e-07	0.026856893452
492.5	0.97562	2.51776649746	0.000304618806503	5.8822614681e-07	0.0276940250868
493.0	0.9744	2.51521298174	0.000336288998358	7.15442690752e-07	0.0290833019839
493.5	0.97415	2.51266464032	0.000342977210902	7.42676333998e-07	0.0293562039486
494.0	0.97504	2.51012145749	0.000319474893338	6.43076945249e-07	0.0283182058912
494.5	0.97507	2.50758341759	0.000318697580687	6.38657934e-07	0.0282694316985
495.0	0.97563	2.50505050505	0.000304365845659	5.81332770788e-07	0.0276125300432
495.5	0.97525	2.50252270434	0.000314054088695	6.17682015373e-07	0.0280343982876
496.0	0.97397	2.5	0.000347834584227	7.56180612404e-07	0.0294887514244
496.5	0.97424	2.49748237664	0.000340561668583	7.23429800206e-07	0.0291641349168
497.0	0.97253	2.49496981891	0.000387957646551	9.36912913988e-07	0.0311117762135
497.5	0.97281	2.49246231156	0.000379979697988	8.96970141926e-07	0.0307747473815
498.0	0.97243	2.48995983936	0.000390827565994	9.47011080943e-07	0.0311952711711
498.5	0.97205	2.48746238716	0.000401832467466	9.99086506235e-07	0.0316155523242
499.0	0.97354	2.48496993988	0.000359580294595	7.98424852712e-07	0.0298922435264
499.5	0.97356	2.48248248248	0.000359029541066	7.94388142633e-07	0.0298543890641
500.0	0.97447	2.48	0.000334428407237	6.8787524828e-07	0.0287990008498
500.5	0.97452	2.47752247752	0.000333102655666	6.81069445146e-07	0.0287275010528
501.0	0.9738	2.4750499002	0.000352454302732	7.60980541935e-07	0.02953543612
501.5	0.97339	2.47258225324	0.000363724766024	8.08811359153e-07	0.0299889880045
502.0	0.97272	2.47011952191	0.000382534747923	8.92848385692e-07	0.0307393322741
502.5	0.97264	2.46766169154	0.00038481329166	9.01719303534e-07	0.0308154022889
503.0	0.9729	2.46520874751	0.000377433446397	8.65741359129e-07	0.0305033151258
503.5	0.97301	2.46276067527	0.000374333305927	8.49887340075e-07	0.0303626966075
504.0	0.97447	2.46031746032	0.000334428407237	6.76999921541e-07	0.0286844914466
504.5	0.97501	2.45787908821	0.00032025317689	6.19595025628e-07	0.0280560793129
505.0	0.97563	2.45544554455	0.000304365845659	5.58537642044e-07	0.0273377716655
505.5	0.97681	2.45301681503	0.000275271598366	4.55956970763e-07	0.0259854932509
506.0	0.97659	2.45059288538	0.000280582485997	4.72784744157e-07	0.0262220030498
506.5	0.97693	2.44817374136	0.000272396640496	4.44721335332e-07	0.0258239095123
507.0	0.97729	2.44575936884	0.000263864410769	4.16475144314e-07	0.025403717341
507.5	0.97647	2.44334975369	0.000283501234037	4.79823135565e-07	0.026319055271
508.0	0.97502	2.44094488189	0.000319993641156	6.10096652585e-07	0.0279479308826
508.5	0.97493	2.43854473943	0.00032233334701	6.17834180843e-07	0.0280361246911
509.0	0.97412	2.43614931238	0.000343784338685	7.01422967092e-07	0.0289397646897
509.5	0.97401	2.43375858685	0.000346752138068	7.12185765005e-07	0.0290501461878
510.0	0.97379	2.43137254902	0.000352727025334	7.35496295759e-07	0.029284992858
510.5	0.97386	2.42899118511	0.000350820241102	7.26141340924e-07	0.0291914246517
511.0	0.97348	2.42661448141	0.000361235156346	7.68389799313e-07	0.029607067764
511.5	0.97336	2.42424242424	0.000364556587491	7.81055679606e-07	0.029728329005
512.0	0.97493	2.421875	0.00032233334701	6.09416100569e-07	0.0279401337647
512.5	0.97516	2.41951219512	0.000316371467246	5.85936089357e-07	0.0276670313404
513.0	0.97664	2.4171539961	0.000279370904325	4.56006451813e-07	0.0259861982172
513.5	0.97749	2.41480038948	0.00025918428833	3.91723671957e-07	0.0250175602409
514.0	0.97823	2.41245136187	0.000242240015129	3.41514307e-07	0.0241742063861
514.5	0.97717	2.4101068999	0.000266693052386	4.13138830899e-07	0.0253526875442
515.0	0.97626	2.40776699029	0.000288646262266	4.83015189646e-07	0.0263627187929
515.5	0.976	2.40543161979	0.000295081967213	5.03815322198e-07	0.0266420625021
516.0	0.9753	2.40310077519	0.000312770429611	5.64930913499e-07	0.0274156681818
516.5	0.97655	2.40077444337	0.000281553683887	4.5690419636e-07	0.025998978609
517.0	0.9772	2.39845261122	0.000265984445354	4.06981590046e-07	0.0252576936299
517.5	0.97691	2.3961352657	0.000272874727457	4.27512967012e-07	0.0255703882954
518.0	0.97705	2.39382239382	0.000269537127066	4.16314024032e-07	0.0254012600226
518.5	0.97638	2.39151398264	0.000285700444499	4.66839592193e-07	0.0261391776433
519.0	0.97574	2.38921001927	0.000301590382684	5.19210696897e-07	0.0268433001701
519.5	0.9771	2.38691049086	0.000268350220039	4.10276061693e-07	0.0253086537657
520.0	0.97784	2.38461538462	0.000251097112002	3.58525556386e-07	0.0244697780193
520.5	0.97798	2.3823246878	0.000247898934539	3.4877971865e-07	0.0243017643769
521.0	0.97832	2.38003838772	0.000240219151198	3.26876109173e-07	0.0239108929427
521.5	0.97813	2.37775647172	0.000244495568074	3.37968891363e-07	0.0241112197803
522.0	0.97672	2.3754789272	0.000277437955607	4.34344288909e-07	0.0256719305302
522.5	0.97691	2.37320574163	0.000272874727457	4.19370049301e-07	0.0254477478364
523.0	0.978	2.37093690249	0.000247443762781	3.44185852472e-07	0.0242213448939
523.5	0.97798	2.36867239733	0.000247898934539	3.44793697449e-07	0.0242320317672
524.0	0.97937	2.36641221374	0.000217280956125	2.64377276107e-07	0.0226754560789
524.5	0.98059	2.36415633937	0.000192102764662	2.0626218566e-07	0.02131105274
525.0	0.97969	2.3619047619	0.000210523788137	2.47244771103e-07	0.022298814715
525.5	0.9782	2.35965746908	0.00024291555919	3.28555389596e-07	0.0239415436762
526.0	0.97571	2.35741444867	0.000302346035195	5.08019564389e-07	0.0266974701398
526.5	0.9753	2.35517568851	0.000312770429611	5.42622743158e-07	0.0271409158266
527.0	0.9752	2.35294117647	0.000315340442986	5.50530629662e-07	0.0272392641771
527.5	0.97566	2.35071090047	0.000303607609208	5.09358720875e-07	0.0267150466298
528.0	0.97818	2.34848484848	0.000243366456071	3.26660754678e-07	0.0239069536895
528.5	0.97807	2.34626300851	0.000245854028853	3.32742324429e-07	0.0240174564305
529.0	0.97874	2.34404536862	0.000230902793387	2.92947907387e-07	0.0232647076801
529.5	0.98026	2.3418319169	0.00019875726848	2.1664939503e-07	0.021574431975
530.0	0.97935	2.33962264151	0.000217706897432	2.59439446095e-07	0.0225688277596
530.5	0.97906	2.33741753063	0.000223930913325	2.73968540845e-07	0.022878374996
531.0	0.97824	2.3352165725	0.000242015047432	3.19403055824e-07	0.0237730424969
531.5	0.97719	2.33301975541	0.000266220540529	3.85762452757e-07	0.0249218334067
532.0	0.97734	2.33082706767	0.00026269036364	3.74893913113e-07	0.0247444096714
532.5	0.97816	2.32863849765	0.000243817780322	3.22355357492e-07	0.0238277877628
533.0	0.97894	2.32645403377	0.000226532576052	2.77747577415e-07	0.0229568644491
533.5	0.98051	2.32427366448	0.000193705367615	2.02701906458e-07	0.0212184892161
534.0	0.98033	2.32209737828	0.000197336050106	2.09977963058e-07	0.0214063898075
534.5	0.97987	2.3199251637	0.000206770745099	2.30105042947e-07	0.0219018870117
535.0	0.98111	2.31775700935	0.000181851219537	1.77651239528e-07	0.0205301470706
535.5	0.98044	2.31559290383	0.000195113214475	2.04125747391e-07	0.0212556527748
536.0	0.98058	2.31343283582	0.000192302718799	1.97917701976e-07	0.0210921649929
536.5	0.98026	2.31127679404	0.00019875726848	2.11032797913e-07	0.0214332233293
537.0	0.97781	2.30912476723	0.000251785162762	3.38029861616e-07	0.0241123071346
537.5	0.97653	2.30697674419	0.000282039927089	4.23357853553e-07	0.0255080291815
538.0	0.97679	2.30483271375	0.000275752259954	4.03940110411e-07	0.0252103714695
538.5	0.97697	2.30269266481	0.000271441753585	3.90683670832e-07	0.0250009386804
539.0	0.97867	2.30055658627	0.000232442447403	2.85954357541e-07	0.0231245973652
539.5	0.97998	2.2984244671	0.00020449417335	2.20913546931e-07	0.0216798157605
540.0	0.98026	2.2962962963	0.00019875726848	2.08306052973e-07	0.0213636508929
540.5	0.9808	2.2941720629	0.00018792822186	1.85881420585e-07	0.0207639032078
541.0	0.98109	2.29205175601	0.000182240212417	1.74476630685e-07	0.0204378080744
541.5	0.98055	2.28993536473	0.000192903217582	1.9513060527e-07	0.021017514123
542.0	0.98061	2.28782287823	0.000191703174555	1.92354967694e-07	0.0209423711307
542.5	0.98021	2.28571428571	0.000199775609308	2.08510924144e-07	0.0213689017999
543.0	0.98006	2.28360957643	0.000202846560415	2.14574943602e-07	0.021522600863
543.5	0.98044	2.28150873965	0.000195113214475	1.98160751859e-07	0.0210986374927
544.0	0.9803	2.27941176471	0.000197944506784	2.03578766668e-07	0.0212413991423
544.5	0.98148	2.27731864096	0.000174731222236	1.5833926758e-07	0.0199478988757
545.0	0.98175	2.2752293578	0.000169626941686	1.48949836121e-07	0.0196453607144
545.5	0.98233	2.27314390467	0.000158922612564	1.30504429443e-07	0.0190066821951
546.0	0.98315	2.27106227106	0.000144394293851	1.07537057119e-07	0.0181087943531
546.5	0.98235	2.26898444648	0.000158559831017	1.29434302095e-07	0.0189675984356
547.0	0.9817	2.26691042048	0.00017056636447	1.49504926312e-07	0.0196636382442
547.5	0.98135	2.26484018265	0.000177216334641	1.61095208376e-07	0.0200341377583
548.0	0.98094	2.26277372263	0.000185171162354	1.75561369025e-07	0.0204695002471
548.5	0.981	2.26071103008	0.000183995922528	1.73024062283e-07	0.0203951369583
549.0	0.98164	2.25865209472	0.000171697159855	1.50392058574e-07	0.0196927435814
549.5	0.98164	2.25659690628	0.000171697159855	1.50118494176e-07	0.0196837821504
550.0	0.98239	2.25454545455	0.000157835533749	1.2662736154e-07	0.0188639175459
550.5	0.983	2.25249772934	0.000146998982706	1.09637060287e-07	0.0181965621687
551.0	0.98299	2.25045372051	0.000147173470737	1.09698133009e-07	0.0181990957133
551.5	0.98277	2.24841341795	0.000151038849375	1.15326649169e-07	0.0184281788456
552.0	0.98189	2.24637681159	0.000167010612187	1.40751603362e-07	0.0193692737733
552.5	0.98219	2.2443438914	0.000161473900162	1.31335906467e-07	0.0190368842369
553.0	0.98254	2.24231464738	0.000155134447453	1.21006749241e-07	0.0186510118716
553.5	0.98322	2.24028906956	0.000143186875776	1.02899803719e-07	0.0179103320099
554.0	0.98352	2.23826714801	0.000138070603546	9.55050392561e-08	0.0175795021552
554.5	0.98277	2.23624887286	0.000151038849375	1.14082126091e-07	0.0183782604365
555.0	0.98108	2.23423423423	0.000182434867697	1.66139575395e-07	0.0201891611249
555.5	0.9805	2.23222322232	0.000193906170321	1.87352072602e-07	0.0208048517501
556.0	0.98055	2.23021582734	0.000192903217582	1.8508564231e-07	0.0207416443176
556.5	0.9801	2.22821203953	0.00020202530354	2.02639716366e-07	0.0212168615407
557.0	0.98108	2.22621184919	0.000182434867697	1.64948614536e-07	0.0201528822795
557.5	0.98213	2.22421524664	0.000162573640964	1.30753671141e-07	0.0190157506014
558.0	0.98303	2.22222222222	0.00014647615027	1.05951914064e-07	0.0180416893931
558.5	0.9836	2.22023276634	0.000136722244815	9.2145764198e-08	0.0174228358147
559.0	0.98318	2.21824686941	0.000143876197644	1.01858589541e-07	0.0178648516649
559.5	0.98216	2.21626452189	0.000162023295593	1.28943101371e-07	0.01894957735
560.0	0.98114	2.21428571429	0.00018126852437	1.61106148408e-07	0.0200344778809
560.5	0.98128	2.21231043711	0.000178561878363	1.56052103843e-07	0.0198754699862
561.0	0.9816	2.21033868093	0.000172453137734	1.45298071171e-07	0.0195238275187
561.5	0.98204	2.20837043633	0.000164230377581	1.3153787813e-07	0.0190441988699
562.0	0.98257	2.20640569395	0.000154597077053	1.16351850864e-07	0.0184689975656
562.5	0.9826	2.20444444444	0.000154060655404	1.15340491826e-07	0.0184287318042
563.0	0.98277	2.20248667851	0.000151038849375	1.10663376639e-07	0.0182389981546
563.5	0.98238	2.20053238687	0.000158016449846	1.20909417842e-07	0.0186472602691
564.0	0.98187	2.19858156028	0.000167383105706	1.35427981575e-07	0.019183467093
564.5	0.9819	2.19663418955	0.000166824523882	1.34287400174e-07	0.0191429478612
565.0	0.98207	2.19469026549	0.000163677181871	1.2903952405e-07	0.0189531189448
565.5	0.98276	2.19274977896	0.000151215759697	1.09944184715e-07	0.0182092922337
566.0	0.98201	2.19081272085	0.000164784523579	1.30329686134e-07	0.0190003165883
566.5	0.98091	2.18887908208	0.000185760212456	1.65328962398e-07	0.020164489662
567.0	0.98151	2.18694885362	0.000174160273456	1.45069277604e-07	0.0195161371788
567.5	0.98207	2.18502202643	0.000163677181871	1.27905116155e-07	0.0189113259084
568.0	0.98338	2.18309859155	0.000140446419492	9.40086990425e-08	0.0175102364513
568.5	0.98457	2.18117854002	0.000120908061387	6.9549329579e-08	0.016239521816
569.0	0.98444	2.17926186292	0.00012297021657	7.18155867859e-08	0.0163702261208
569.5	0.9838	2.17734855136	0.000133380768449	8.43416987258e-08	0.017041608579
570.0	0.98441	2.17543859649	0.000123448613891	7.21217232178e-08	0.0163876441059
570.5	0.98438	2.17353198948	0.000123927954652	7.25555497097e-08	0.0164122324449
571.0	0.98415	2.17162872154	0.000127634252909	7.68255423946e-08	0.0166485497707
571.5	0.98454	2.1697287839	0.000121382371463	6.93620846271e-08	0.0162285805054
572.0	0.98486	2.16783216783	0.000116371667039	6.36422937979e-08	0.0158831433675
572.5	0.98497	2.16593886463	0.000114674000223	6.16910714616e-08	0.0157599769621
573.0	0.98544	2.16404886562	0.000107562916058	5.41825276736e-08	0.0152568478552
573.5	0.98529	2.16216216216	0.000109807315613	5.63688371053e-08	0.0154084789303
574.0	0.98488	2.16027874564	0.000116062058322	6.28637265379e-08	0.0158343423535
574.5	0.98602	2.15839860748	9.91056976532e-05	4.57573168902e-08	0.014625648697
575.0	0.98621	2.15652173913	9.64115654881e-05	4.32280804001e-08	0.0144192106885
575.5	0.98674	2.15464813206	8.90952023836e-05	3.6852024547e-08	0.0138552809929
576.0	0.98755	2.15277777778	7.8478304896e-05	2.85428694546e-08	0.0129979364061
576.5	0.98724	2.15091066782	8.24610023905e-05	3.14587865401e-08	0.01331789209
577.0	0.9881	2.14904679376	7.16577269507e-05	2.37147089899e-08	0.0124095047585
577.5	0.98807	2.14718614719	7.20216685053e-05	2.39147447493e-08	0.0124355912168
578.0	0.98712	2.14532871972	8.40294999595e-05	3.24975972307e-08	0.0134264999001
578.5	0.98755	2.14347450303	7.8478304896e-05	2.82967052787e-08	0.0129698205687
579.0	0.98689	2.14162348877	8.7077637832e-05	3.47775930748e-08	0.0136560431505
579.5	0.9864	2.13977566868	9.37550689375e-05	4.02463041291e-08	0.0141638559484
580.0	0.98648	2.13793103448	9.26477982321e-05	3.92335483999e-08	0.0140738979361
580.5	0.9855	2.13608957795	0.000106671740233	5.19203585041e-08	0.0150950452988
581.0	0.98492	2.13425129088	0.000115444096982	6.07064123474e-08	0.0156967102607
581.5	0.98474	2.13241616509	0.000118238113614	6.35709815121e-08	0.0158786921628
582.0	0.98505	2.13058419244	0.00011344728694	5.8423238858e-08	0.0155469931572
582.5	0.98499	2.12875536481	0.000114366694078	5.92721452151e-08	0.0156031635758
583.0	0.98546	2.1269296741	0.00010726543949	5.20506184227e-08	0.0151045041712
583.5	0.98645	2.12510711225	9.3062243398e-05	3.91118793691e-08	0.0140629739148
584.0	0.98584	2.12328767123	0.000101692769618	4.6622743649e-08	0.0146943187655
584.5	0.98579	2.12147134303	0.000102417401272	4.72086784579e-08	0.0147402707515
585.0	0.98605	2.11965811966	9.86778053851e-05	4.37492490093e-08	0.014462475978
585.5	0.98576	2.11784799317	0.000102853432884	4.74490098869e-08	0.0147589951021
586.0	0.98656	2.11604095563	9.15471942913e-05	3.75265133902e-08	0.0139182474649
586.5	0.98691	2.11423699915	8.68103981113e-05	3.36861077298e-08	0.013547610697
587.0	0.98691	2.11243611584	8.68103981113e-05	3.36287452749e-08	0.0135418396166
587.5	0.98654	2.11063829787	9.1821720356e-05	3.75593855794e-08	0.0139212944642
588.0	0.98505	2.10884353741	0.00011344728694	5.72370110803e-08	0.015467468374
588.5	0.98412	2.10705182668	0.000128121773767	7.28779790883e-08	0.0164304357049
589.0	0.9826	2.10526315789	0.000154060655404	1.05195282187e-07	0.0180093926023
589.5	0.9821	2.10347752332	0.000163124936361	1.17737947876e-07	0.0185237587203
590.0	0.98296	2.10169491525	0.000147697566534	9.63576116507e-08	0.0176186045015
590.5	0.98332	2.09991532599	0.000141470935199	8.82547350211e-08	0.0172359213565
591.0	0.98543	2.09813874788	0.000107711811088	5.10734346825e-08	0.0150331076111
591.5	0.98512	2.09636517329	0.000112379405555	5.55018339038e-08	0.0153488850409
592.0	0.98535	2.09459459459	0.000108906733648	5.203666109e-08	0.0151034915041
592.5	0.9866	2.09282700422	9.09993918508e-05	3.62696730628e-08	0.0138002168328
593.0	0.98584	2.0910623946	0.000101692769618	4.52182899936e-08	0.0145823841107
593.5	0.9868	2.08930075821	8.82853668423e-05	3.40235304063e-08	0.0135814094954
594.0	0.98688	2.08754208754	8.72114137484e-05	3.31449321097e-08	0.0134928683649
594.5	0.98581	2.08578637511	0.000102127235471	4.53756442557e-08	0.0145950538291
595.0	0.98532	2.08403361345	0.000109356554216	5.19396565459e-08	0.0150964477556
595.5	0.98531	2.08228379513	0.000109506703474	5.19949601282e-08	0.0151004646982
596.0	0.98659	2.08053691275	9.11361862577e-05	3.59527862359e-08	0.0137699745678
596.5	0.98717	2.07879295893	8.3374140219e-05	3.00389820271e-08	0.0131650133173
597.0	0.98807	2.0770519263	7.20216685053e-05	2.23779894476e-08	0.0122308113101
597.5	0.9882	2.07531380753	7.04513256426e-05	2.13769573062e-08	0.0120916751885
598.0	0.98651	2.07357859532	9.22342905799e-05	3.65784944186e-08	0.0138294992932
598.5	0.9861	2.07184628237	9.79667376534e-05	4.11976413914e-08	0.0142468249517
599.0	0.98599	2.07011686144	9.95345287478e-05	4.24558220916e-08	0.0143543758574
599.5	0.9861	2.06839032527	9.79667376534e-05	4.10603160156e-08	0.0142349377365
600.0	0.98782	2.06666666667	7.50908060173e-05	2.40832116069e-08	0.0124574341567
600.5	0.9883	2.06494587843	6.92552868562e-05	2.04514079488e-08	0.0119586127604
601.0	0.9888	2.06322795341	6.3430420712e-05	1.71273278163e-08	0.0114399045936
601.5	0.98853	2.06151288446	6.65437063114e-05	1.8818546631e-08	0.0117124168275
602.0	0.98877	2.05980066445	6.37726164831e-05	1.72551547784e-08	0.0114611900693
602.5	0.98891	2.05809128631	6.21836668655e-05	1.63787941228e-08	0.0113128096831
603.0	0.9879	2.05638474295	7.41016297196e-05	2.32201095904e-08	0.0123442885896
603.5	0.9877	2.05468102734	7.65870203503e-05	2.47627668334e-08	0.0125443970622
604.0	0.9864	2.05298013245	9.37550689375e-05	3.7047508646e-08	0.0138736186284
604.5	0.98636	2.05128205128	9.43112048339e-05	3.74263389127e-08	0.0139089496983
605.0	0.98746	2.04958677686	7.96242885788e-05	2.66332245753e-08	0.0127748537756
605.5	0.98775	2.04789430223	7.59617818274e-05	2.41994425665e-08	0.0124724376203
606.0	0.98772	2.04620462046	7.63366136152e-05	2.43985435575e-08	0.0124980131017
606.5	0.98756	2.04451772465	7.83514925675e-05	2.56611613851e-08	0.0126566589315
607.0	0.9874	2.04283360791	8.03929511849e-05	2.69713032211e-08	0.0128152027889
607.5	0.98692	2.04115226337	8.66769343007e-05	3.13009767724e-08	0.0133011586198
608.0	0.98576	2.03947368421	0.000102853432884	4.4002139623e-08	0.0144833307529
608.5	0.98581	2.0377978636	0.000102127235471	4.33117126471e-08	0.0144261797528
609.0	0.98427	2.03612479475	0.000125693610493	6.54990781571e-08	0.0159977459933
609.5	0.98424	2.03445447088	0.000126177355117	6.58959600535e-08	0.0160219251103
610.0	0.98506	2.03278688525	0.000113294418614	5.30396598885e-08	0.0151757506678
610.5	0.98474	2.03112203112	0.000118238113614	5.76749223377e-08	0.0154969686545
611.0	0.98601	2.0294599018	9.92485370331e-05	4.05703895197e-08	0.0141922840382
611.5	0.98688	2.0278004906	8.72114137484e-05	3.12749843477e-08	0.0132983964291
612.0	0.98781	2.02614379085	7.52149198733e-05	2.32246148441e-08	0.0123448873174
612.5	0.98738	2.02448979592	8.06500030383e-05	2.66587609551e-08	0.0127779148609
613.0	0.98747	2.02283849918	7.94965416671e-05	2.58594267507e-08	0.0126810356453
613.5	0.98764	2.02118989405	7.73407314406e-05	2.44360376885e-08	0.0125028118752
614.0	0.98767	2.01954397394	7.69634088309e-05	2.41587921918e-08	0.0124671964979
614.5	0.98949	2.0179007323	5.58166833419e-05	1.2686085956e-08	0.0106128472235
615.0	0.99028	2.0162601626	4.7702871915e-05	9.25086176058e-09	0.00980721164674
615.5	0.99063	2.01462225833	4.43136690793e-05	7.97007991772e-09	0.00944856095261
616.0	0.99059	2.01298701299	4.46946264348e-05	8.09454737936e-09	0.00948523603098
616.5	0.9902	2.01135442011	4.84952534841e-05	9.51427447042e-09	0.00987629193827
617.0	0.98854	2.00972447326	6.64270540393e-05	1.78222703425e-08	0.0115542233053
617.5	0.98825	2.00809716599	6.98520111308e-05	1.96755678633e-08	0.0118435478464
618.0	0.98721	2.00647249191	8.28517235441e-05	2.7635639252e-08	0.012893397698
618.5	0.98657	2.00485044462	9.14100874748e-05	3.35855304142e-08	0.0135374870089
619.0	0.98743	2.00323101777	8.00081524766e-05	2.56880155911e-08	0.0126599689066
619.5	0.98807	2.001614205	7.20216685053e-05	2.0781988758e-08	0.0120066479397
620.0	0.98933	2.0	5.75383845633e-05	1.32426627926e-08	0.0107273840766
620.5	0.99062	1.99838839645	4.44087541136e-05	7.87584167507e-09	0.00942050629858
621.0	0.99133	1.99677938808	3.79131570718e-05	5.73112749927e-09	0.00870081666157
621.5	0.99113	1.99517296862	3.96905047774e-05	6.27096459516e-09	0.00889884387114
622.0	0.99153	1.99356913183	3.61768680726e-05	5.2014512587e-09	0.00849241352478
622.5	0.99112	1.99196787149	3.97804503995e-05	6.27919616312e-09	0.00890176269674
623.0	0.99092	1.99036918138	4.16009365035e-05	6.8560423536e-09	0.00909951767585
623.5	0.99232	1.98877305533	2.97194453402e-05	3.49342846302e-09	0.0076879927232
624.0	0.99113	1.98717948718	3.96905047774e-05	6.2208171387e-09	0.00888099977083
624.5	0.99123	1.98558847078	3.8796697033e-05	5.934279422e-09	0.00877691713148
625.0	0.99083	1.984	4.24335657984e-05	7.08765210057e-09	0.00917541249994
625.5	0.98875	1.98241406875	6.40012642225e-05	1.60977748069e-08	0.0112639693986
626.0	0.98962	1.98083067093	5.44372587458e-05	1.1627522785e-08	0.0103841702492
626.5	0.98819	1.97924980048	7.0571499408e-05	1.95101185956e-08	0.0118185712386
627.0	0.98792	1.97767145136	7.38553729047e-05	2.13340092589e-08	0.0120855973176
627.5	0.98749	1.97609561753	7.92413594062e-05	2.45199592873e-08	0.0125135327965
628.0	0.98672	1.97452229299	8.93659802173e-05	3.11364094357e-08	0.0132836410737
628.5	0.98682	1.97295147176	8.80162542308e-05	3.01549470609e-08	0.0131777007981
629.0	0.98618	1.97138314785	9.68344521284e-05	3.64419727394e-08	0.0138165772555
629.5	0.98557	1.96981731533	0.000105636788863	4.32994404038e-08	0.0144251577405
630.0	0.98384	1.96825396825	0.000132717515043	6.82368160687e-08	0.0161623567477
630.5	0.98274	1.96669310071	0.000151569896412	8.88585242182e-08	0.0172653256427
631.0	0.98189	1.96513470681	0.000167010612187	1.07714157215e-07	0.0181162454834
631.5	0.9826	1.96357878068	0.000154060655404	9.15124416077e-08	0.0173928213321
632.0	0.9838	1.96202531646	0.000133380768449	6.84850290247e-08	0.0161770344756
632.5	0.98534	1.9604743083	0.000109056569306	4.57115527399e-08	0.0146219903664
633.0	0.98714	1.95892575039	8.37670441883e-05	2.69266504528e-08	0.0128098953897
633.5	0.98836	1.95737963694	6.85426362864e-05	1.79999683048e-08	0.011582916754
634.0	0.98984	1.95583596215	5.21425684959e-05	1.040039168e-08	0.0100986291457
634.5	0.98967	1.95429472025	5.39113542898e-05	1.11004504083e-08	0.0102644373957
635.0	0.98947	1.95275590551	5.60304506453e-05	1.19713781831e-08	0.0104601048458
635.5	0.98795	1.9512195122	7.34867655246e-05	2.05603510568e-08	0.011974506703
636.0	0.98758	1.94968553459	7.8098179388e-05	2.31852059823e-08	0.0123396471032
636.5	0.98895	1.94815396701	6.17334041155e-05	1.44639531196e-08	0.0109665936427
637.0	0.98891	1.94662480377	6.21836668655e-05	1.46526832608e-08	0.0110021937953
637.5	0.99063	1.94509803922	4.43136690793e-05	7.42947990724e-09	0.00928409558528
638.0	0.99129	1.94357366771	3.82653411212e-05	5.53112140881e-09	0.00862389177745
638.5	0.98973	1.94205168363	5.3283673325e-05	1.07080374449e-08	0.0101724946543
639.0	0.99063	1.94053208138	4.43136690793e-05	7.39464065907e-09	0.0092731923571
639.5	0.98923	1.93901485536	5.86278721834e-05	1.29232140416e-08	0.0106620971249
640.0	0.98759	1.9375	7.79716785306e-05	2.2822183318e-08	0.0122910588296
640.5	0.98833	1.93598750976	6.88984954418e-05	1.77919921601e-08	0.0115493128201
641.0	0.98701	1.9344773791	8.54804409277e-05	2.73439227639e-08	0.0128592371208
641.5	0.98785	1.93296960249	7.47190869059e-05	2.08599450925e-08	0.0120178918166
642.0	0.98753	1.93146417445	7.87322410458e-05	2.31248295908e-08	0.0123316058547
642.5	0.9873	1.92996108949	8.16823660488e-05	2.48515639492e-08	0.012555627749
643.0	0.98871	1.92846034215	6.4459801155e-05	1.5452521176e-08	0.0111493573891
643.5	0.98842	1.92696192696	6.78337144129e-05	1.70858844576e-08	0.0114329779602
644.0	0.98953	1.92546583851	5.53903873556e-05	1.13747128041e-08	0.0103272599771
644.5	0.98991	1.92397207137	5.1422907133e-05	9.78837902193e-09	0.00994666965133
645.0	0.98897	1.92248062016	6.15088930908e-05	1.39829808921e-08	0.0108742657193
645.5	0.98827	1.92099147947	6.96130106145e-05	1.78826431431e-08	0.01156399586
646.0	0.98788	1.91950464396	7.43483014131e-05	2.03666892083e-08	0.0119462090151
646.5	0.98734	1.91802010828	8.11653533737e-05	2.42352597895e-08	0.0124770501268
647.0	0.98717	1.91653786708	8.3374140219e-05	2.55327472242e-08	0.0126407949459
647.5	0.98773	1.91505791506	7.62115659138e-05	2.13012748004e-08	0.0120809586756
648.0	0.98811	1.91358024691	7.15366204168e-05	1.87391633375e-08	0.0117000454598
648.5	0.9893	1.91210485736	5.78641463661e-05	1.22417219424e-08	0.0105186650928
649.0	0.98898	1.91063174114	6.13967926551e-05	1.376085268e-08	0.0108308199528
649.5	0.99039	1.90916089299	4.66241076748e-05	7.92330046873e-09	0.00943466602713
650.0	0.99057	1.90769230769	4.48857223619e-05	7.33217960574e-09	0.00925354782097
650.5	0.99014	1.90622598002	4.9093865514e-05	8.75796541201e-09	0.0096738824627
651.0	0.99083	1.90476190476	4.24335657984e-05	6.53281634962e-09	0.00899031921658
651.5	0.98978	1.90330007675	5.27634423811e-05	1.00851131261e-08	0.010021210702
652.0	0.98984	1.9018404908	5.21425684959e-05	9.8340637541e-09	0.00995825527187
652.5	0.99054	1.90038314176	4.51731378844e-05	7.36958202072e-09	0.00926532620559
653.0	0.99135	1.8989280245	3.77376809401e-05	5.1353189742e-09	0.00846529030317
653.5	0.99185	1.89747513389	3.34841457882e-05	4.03673866811e-09	0.00797090547007
654.0	0.9924	1.89602446483	2.91011688835e-05	3.04444925961e-09	0.00742809047861
654.5	0.99117	1.89457601222	3.93317493467e-05	5.55278162445e-09	0.00863232233128
655.0	0.99117	1.89312977099	3.93317493467e-05	5.54430733095e-09	0.00862902692275
655.5	0.99007	1.89168573608	4.97969335502e-05	8.87366805228e-09	0.00970567611747
656.0	0.98932	1.89024390244	5.76468685562e-05	1.18737290215e-08	0.0104387088178
656.5	0.98912	1.88880426504	5.98382400518e-05	1.27741359194e-08	0.0106312145601
657.0	0.98817	1.88736681887	7.08121578271e-05	1.78619261112e-08	0.0115606451834
657.5	0.98805	1.88593155894	7.22648145337e-05	1.85740085367e-08	0.0116741806706
658.0	0.98753	1.88449848024	7.87322410458e-05	2.20138909089e-08	0.0121807548451
658.5	0.98772	1.88306757783	7.63366136152e-05	2.06632006127e-08	0.0119894537866
659.0	0.98685	1.88163884674	8.76133657597e-05	2.71777356586e-08	0.0128396539092
659.5	0.98746	1.88021228203	7.96242885788e-05	2.24132533726e-08	0.0122356268877
660.0	0.9895	1.87878787879	5.57099545225e-05	1.09552200941e-08	0.0102306982794
660.5	0.99016	1.8773656321	4.88939161348e-05	8.42572679451e-09	0.00958080152023
661.0	0.99243	1.87594553707	2.88710034965e-05	2.93335219509e-09	0.00735937702253
661.5	0.99242	1.87452758881	2.89476229822e-05	2.94448596539e-09	0.00736635037931
662.0	0.99031	1.87311178248	4.74074279771e-05	7.88533555749e-09	0.00942334398825
662.5	0.98932	1.87169811321	5.76468685562e-05	1.16418780826e-08	0.0103873738312
663.0	0.98892	1.87028657617	6.20709460826e-05	1.34769942595e-08	0.0107745281673
663.5	0.98997	1.86887716654	5.08100750528e-05	9.01698171007e-09	0.00974462873056
664.0	0.98988	1.86746987952	5.17307148341e-05	9.33263263832e-09	0.009828812329
664.5	0.99139	1.86606471031	3.73879603385e-05	4.86762313309e-09	0.00835274525998
665.0	0.99132	1.86466165414	3.80010491062e-05	5.02101192318e-09	0.00841778468989
665.5	0.9911	1.86326070624	3.99606497831e-05	5.54386101161e-09	0.00862885325732
666.0	0.99248	1.86186186186	2.84894405933e-05	2.81360259189e-09	0.00728309020309
666.5	0.99141	1.86046511628	3.72137158189e-05	4.79346031818e-09	0.00832074636845
667.0	0.99139	1.85907046477	3.73879603385e-05	4.83120258661e-09	0.00833707699396
667.5	0.99113	1.85767790262	3.96905047774e-05	5.43643343393e-09	0.00858674406681
668.0	0.99084	1.85628742515	4.23406402648e-05	6.17739379373e-09	0.00886546096356
668.5	0.99232	1.85489902767	2.97194453402e-05	3.03893874913e-09	0.00742472694882
669.0	0.99152	1.85351270553	3.62627077618e-05	4.51763973796e-09	0.00819837725245
669.5	0.99017	1.85212845407	4.87940959633e-05	8.16726711379e-09	0.00950646798366
670.0	0.99025	1.85074626866	4.79992426155e-05	7.89155402909e-09	0.00942520128003
670.5	0.98871	1.84936614467	6.4459801155e-05	1.42109702048e-08	0.0109183228542
671.0	0.98769	1.8479880775	7.67123793903e-05	2.00969076554e-08	0.011906450458
671.5	0.98811	1.84661206255	7.15366204168e-05	1.74505120277e-08	0.0114934932103
672.0	0.98712	1.84523809524	8.40294999595e-05	2.40418776423e-08	0.0124520855462
672.5	0.98657	1.843866171	9.14100874748e-05	2.84084175113e-08	0.0129826025119
673.0	0.98672	1.84249628529	8.93659802173e-05	2.71117585734e-08	0.0128318543703
673.5	0.98784	1.84112843356	7.48428895368e-05	1.89875645379e-08	0.0117386273463
674.0	0.98869	1.83976261128	6.46896903984e-05	1.41642545347e-08	0.010909338831
674.5	0.98912	1.83839881394	5.98382400518e-05	1.21014409415e-08	0.0104884007141
675.0	0.99057	1.83703703704	4.48857223619e-05	6.79911305004e-09	0.00908056905777
675.5	0.99008	1.83567727609	4.96961861668e-05	8.32221220536e-09	0.00955123864505
676.0	0.99063	1.83431952663	4.43136690793e-05	6.60732088458e-09	0.00901584319343
676.5	0.99133	1.83296378418	3.79131570718e-05	4.82933873906e-09	0.00833627277965
677.0	0.99077	1.83161004431	4.29932779555e-05	6.20107736874e-09	0.00887394612004
677.5	0.99107	1.83025830258	4.02317192529e-05	5.42203048754e-09	0.00858105111218
678.0	0.99161	1.82890855457	3.54938433457e-05	4.21395641091e-09	0.00805698415845
678.5	0.99199	1.82756079587	3.23390860795e-05	3.49300454729e-09	0.00768775948461
679.0	0.99315	1.82621502209	2.36230680159e-05	1.86112876947e-09	0.00656816577733
679.5	0.99257	1.82487122884	2.78090714005e-05	2.57535689552e-09	0.00712376124668
680.0	0.99223	1.82352941176	3.04228354313e-05	3.07769033899e-09	0.00744828404388
680.5	0.99184	1.8221895665	3.35667043071e-05	3.74114479263e-09	0.0078207990877
681.0	0.99117	1.82085168869	3.93317493467e-05	5.12903511219e-09	0.00846269946396
681.5	0.99174	1.81951577403	3.4397926876e-05	3.91720398669e-09	0.00791123065931
682.0	0.99118	1.81818181818	3.9242317238e-05	5.09077508169e-09	0.00844687325023
682.5	0.9926	1.81684981685	2.75841225065e-05	2.51163429668e-09	0.00707928018403
683.0	0.99214	1.81551976574	3.1134517306e-05	3.19511310863e-09	0.00751833303105
683.5	0.99242	1.81419166057	2.89476229822e-05	2.75798657525e-09	0.00724682938999
684.0	0.99326	1.81286549708	2.28679298472e-05	1.71863981769e-09	0.00643867074865
684.5	0.99313	1.811541271	2.37616928297e-05	1.85289675271e-09	0.00656089073449
685.0	0.99373	1.8102189781	1.97804735693e-05	1.28214043625e-09	0.00598389410426
685.5	0.99425	1.80889861415	1.66268544129e-05	9.04583455068e-10	0.00548418580148
686.0	0.99248	1.80758017493	2.84894405933e-05	2.65193565446e-09	0.00717613740191
686.5	0.991	1.80626365623	4.08678102926e-05	5.44910309457e-09	0.00859174257303
687.0	0.99095	1.80494905386	4.13252434533e-05	5.56366199427e-09	0.00863654786772
687.5	0.98975	1.80363636364	5.30752715332e-05	9.16394374928e-09	0.00978409371108
688.0	0.98955	1.8023255814	5.51778586226e-05	9.88999741405e-09	0.00997238517719
688.5	0.9892	1.80101670298	5.89567327133e-05	1.12746299443e-08	0.0103044679809
689.0	0.98993	1.79970972424	5.12182174497e-05	8.49676967339e-09	0.00960093349641
689.5	0.99107	1.79840464104	4.02317192529e-05	5.23494367543e-09	0.00850605141189
690.0	0.99246	1.79710144928	2.86417588618e-05	2.64938185094e-09	0.0071744091297
690.5	0.99242	1.79580014482	2.89476229822e-05	2.70235138791e-09	0.00721000315837
691.0	0.99141	1.79450072359	3.72137158189e-05	4.45957373765e-09	0.00817190552836
691.5	0.9906	1.79320318149	4.45992327882e-05	6.39607838138e-09	0.00894290143789
692.0	0.98943	1.79190751445	5.64592239977e-05	1.02353097645e-08	0.0100583153531
692.5	0.98955	1.79061371841	5.51778586226e-05	9.76188077197e-09	0.00993993111657
693.0	0.98984	1.78932178932	5.21425684959e-05	8.70485901714e-09	0.00965918391796
693.5	0.98952	1.78803172314	5.54968065325e-05	9.8466029447e-09	0.00996142814125
694.0	0.99052	1.78674351585	4.53652626903e-05	6.57008955696e-09	0.00900311551391
694.5	0.9903	1.78545716343	4.75058063213e-05	7.19436152471e-09	0.00920975473076
695.0	0.9893	1.78417266187	5.78641463661e-05	1.06584207997e-08	0.0101606903333
695.5	0.99051	1.78289000719	4.54614794399e-05	6.56955920935e-09	0.00900293382212
696.0	0.99117	1.7816091954	3.93317493467e-05	4.91033833041e-09	0.00837100987381
696.5	0.99229	1.78033022254	2.99529875339e-05	2.84368456226e-09	0.00730247964475
697.0	0.99295	1.77905308465	2.50276952515e-05	1.98252891634e-09	0.00667275044033
697.5	0.99217	1.77777777778	3.08963685659e-05	3.01696186646e-09	0.00741126692614
698.0	0.99159	1.77650429799	3.56639841063e-05	4.01413745899e-09	0.00795972493548
698.5	0.99203	1.77523264137	3.20156144471e-05	3.2302358442e-09	0.00753890998754
699.0	0.9931	1.77396280401	2.39703957305e-05	1.80817069631e-09	0.0065209347814
699.5	0.99437	1.77269478199	1.59381819645e-05	7.98262070631e-10	0.00531540515885
700.0	0.9921	1.77142857143	3.14534825118e-05	3.10445068147e-09	0.00746442212046
700.5	0.98976	1.77016416845	5.29712253476e-05	8.79239376607e-09	0.00968337570629
701.0	0.98846	1.76890156919	6.73631709933e-05	1.41988241158e-08	0.0109159891387
701.5	0.98593	1.76764076978	0.000100395007759	3.14928710437e-08	0.0133214979937
702.0	0.98859	1.76638176638	6.58453453909e-05	1.35275549347e-08	0.0107846194879
702.5	0.99049	1.76512455516	4.56542216479e-05	6.49400470711e-09	0.00897693643051
703.0	0.99187	1.76386913229	3.33193362033e-05	3.45402440375e-09	0.00766622127501
703.5	0.99445	1.76261549396	1.54872039821e-05	7.45180023111e-10	0.00522474742901
704.0	0.99489	1.76136363636	1.31231090874e-05	5.34283214192e-10	0.00480776113619
704.5	0.99651	1.76011355571	6.1113787117e-06	1.15707036229e-10	0.00327974397089
705.0	0.9973	1.75886524823	3.65486814399e-06	4.13245909645e-11	0.00253543301338
705.5	0.99678	1.75761871013	5.2009470495e-06	8.35630337628e-11	0.00302345528239
706.0	0.9958	1.75637393768	8.85720024101e-06	2.4200642413e-10	0.00394417997359
706.5	0.99454	1.75513092711	1.49876324733e-05	6.91966560461e-10	0.00512886510624
707.0	0.99271	1.75388967468	2.67671827623e-05	2.20399127635e-09	0.00685176513514
707.5	0.99251	1.75265017668	2.82617303604e-05	2.4535108284e-09	0.00703796325007
708.0	0.99416	1.75141242938	1.71529733644e-05	9.02517603266e-10	0.00548105197488
708.5	0.99496	1.75017642908	1.27651362869e-05	4.99131033479e-10	0.00472665216017
709.0	0.99547	1.74894217207	1.03071413503e-05	3.2495809777e-10	0.00424577368463
709.5	0.99466	1.74770965469	1.43343454045e-05	6.27616425405e-10	0.005005224656
710.0	0.99176	1.74647887324	3.42308623054e-05	3.57406422135e-09	0.00773197761437
710.5	0.98912	1.74524982407	5.98382400518e-05	1.09061842181e-08	0.0102192307892
711.0	0.98874	1.74402250352	6.41157432692e-05	1.25035556492e-08	0.0105744644825
711.5	0.99019	1.74279690794	4.85947646411e-05	7.17253254618e-09	0.00920276075744
712.0	0.99214	1.74157303371	3.1134517306e-05	2.94013760678e-09	0.00736362925178
712.5	0.99426	1.74035087719	1.65689055177e-05	8.31498128055e-10	0.00536988912845
713.0	0.99489	1.73913043478	1.31231090874e-05	5.20880127397e-10	0.00477732125913
713.5	0.99405	1.73791170287	1.7807202857e-05	9.57738239337e-10	0.00556303390612
714.0	0.99471	1.73669467787	1.40664615818e-05	5.9678331918e-10	0.00494258525122
714.5	0.99298	1.73547935619	2.48143970674e-05	1.85458335945e-09	0.00656238324444
715.0	0.99196	1.73426573427	3.25827654341e-05	3.19306067052e-09	0.00751712535614
715.5	0.99225	1.73305380853	3.02658100277e-05	2.7512413978e-09	0.00724239444774
716.0	0.99124	1.73184357542	3.87078810379e-05	4.49382463818e-09	0.00818755122693
716.5	0.99202	1.7306350314	3.20963287031e-05	3.08547263435e-09	0.00745298804728
717.0	0.99374	1.72942817294	1.97172298589e-05	1.16277813789e-09	0.00583948052573
717.5	0.99232	1.72822299652	2.97194453402e-05	2.63803746596e-09	0.00716671674344
718.0	0.99117	1.72701949861	3.93317493467e-05	4.61403630609e-09	0.0082417654684
718.5	0.99095	1.72581767571	4.13252434533e-05	5.08651895069e-09	0.00844510719913
719.0	0.99205	1.72461752434	3.18544932211e-05	3.01805388825e-09	0.00741193748207
719.5	0.99228	1.723419041	3.00310396259e-05	2.67869031732e-09	0.00719416885487
720.0	0.99327	1.72222222222	2.27998932818e-05	1.54185667731e-09	0.00626629738156
720.5	0.994	1.72102706454	1.81086519115e-05	9.71287146245e-10	0.0055826051304
721.0	0.99094	1.71983356449	4.14170383676e-05	5.07377169719e-09	0.00843981117837
721.5	0.99228	1.71864171864	3.00310396259e-05	2.6638602264e-09	0.00718419080727
722.0	0.99301	1.71745152355	2.46020181066e-05	1.7852968667e-09	0.00650021334107
722.5	0.9944	1.71626297578	1.5768302494e-05	7.32381816082e-10	0.00520216817887
723.0	0.99551	1.71507607192	1.01255135559e-05	3.01578859574e-10	0.00416725641347
723.5	0.99341	1.71389080857	2.1858094845e-05	1.40343050325e-09	0.00612065256715
724.0	0.99283	1.71270718232	2.58900818871e-05	1.9662244219e-09	0.0066589886018
724.5	0.99118	1.71152518979	3.9242317238e-05	4.51103170382e-09	0.00819537762757
725.0	0.99197	1.71034482759	3.25014365354e-05	3.09009955056e-09	0.00745578056728
725.5	0.99393	1.70916609235	1.85349571901e-05	1.003579338e-09	0.00562843853591
726.0	0.99458	1.70798898072	1.47682438818e-05	6.36250065757e-10	0.00502234982998
726.5	0.99535	1.70681348933	1.08617571708e-05	3.43694285816e-10	0.00430569316801
727.0	0.99445	1.70563961486	1.54872039821e-05	6.97783322945e-10	0.00513960977461
727.5	0.99446	1.70446735395	1.5431289343e-05	6.91801985433e-10	0.00512856012098
728.0	0.99409	1.7032967033	1.7567876148e-05	8.95404213655e-10	0.00547021987921
728.5	0.99475	1.70212765957	1.38539834129e-05	5.5607527433e-10	0.00485605275532
729.0	0.99701	1.70096021948	4.48345553204e-06	5.81586138547e-11	0.00276155382091
729.5	0.99799	1.69979437971	2.02411847814e-06	1.1837626608e-11	0.00185488145525
730.0	0.99945	1.69863013699	1.51333233278e-07	6.60794275615e-14	0.000507010049974
730.5	0.99858	1.69746748802	1.00963367983e-06	2.93718017944e-12	0.00130912961402
731.0	0.99715	1.69630642955	4.07285764429e-06	4.77317192965e-11	0.00262846240389
731.5	0.99673	1.6951469583	5.36399024811e-06	8.26781344501e-11	0.00301541900131
732.0	0.99582	1.69398907104	8.7728705991e-06	2.20853687674e-10	0.00385501581275
732.5	0.9987	1.69283276451	8.46099929909e-07	2.05149957069e-12	0.00119678974068
733.0	0.99956	1.69167803547	9.68426107487e-08	2.68391278366e-14	0.000404754885704
733.5	0.99846	1.69052488071	1.18762894858e-06	4.03092468758e-12	0.00141693905537
734.0	0.99776	1.689373297	2.51443232842e-06	1.80439308533e-11	0.00206102276376
734.5	0.99385	1.68822328114	1.90282738844e-05	1.03194976798e-09	0.00566780159953
735.0	0.99301	1.68707482993	2.46020181066e-05	1.72270200724e-09	0.00644247200329
735.5	0.99245	1.68592794018	2.87180714394e-05	2.3441670614e-09	0.00695820372134
736.0	0.9929	1.6847826087	2.53852351697e-05	1.82915337961e-09	0.00653977084702
736.5	0.99263	1.68363883232	2.7360093892e-05	2.12193968336e-09	0.00678708453847
737.0	0.99272	1.68249660787	2.66935288903e-05	2.01706724712e-09	0.00670162456499
737.5	0.99287	1.6813559322	2.56009850232e-05	1.85281761988e-09	0.00656082068335
738.0	0.99193	1.68021680217	3.28273668505e-05	3.04230494716e-09	0.0074267821668
738.5	0.99329	1.67907921462	2.26641262874e-05	1.44817262586e-09	0.00616886240459
739.0	0.99178	1.67794316644	3.4064207788e-05	3.26701463562e-09	0.00756027808206
739.5	0.99527	1.6768086545	1.12396133712e-05	3.55197383739e-10	0.00434127642222
740.0	0.99745	1.67567567568	3.2595618828e-06	2.98331005545e-11	0.00233708548418
740.5	1.00119	1.67454422687	7.07208421978e-07	1.40245227895e-12	0.00108823332986
741.0	1.00363	1.67341430499	6.56462042785e-06	1.20677469295e-10	0.00331441242618
741.5	1.00171	1.67228590695	1.45955416238e-06	5.95746488517e-12	0.00156230338161
742.0	1.00003	1.67115902965	4.49986500404e-10	5.65502501071e-19	2.74226002299e-05
742.5	0.996	1.67003367003	8.03212851406e-06	1.79933385529e-10	0.00366250256799
743.0	0.99507	1.66890982503	1.22126584059e-05	4.1541881493e-10	0.00451462352843
743.5	0.99451	1.66778749159	1.51532412947e-05	6.38693508711e-10	0.00502716483601
744.0	0.99626	1.66666666667	7.02005500572e-06	1.36892145232e-10	0.00342053967616
744.5	0.99644	1.66554734721	6.35943960499e-06	1.12189357432e-10	0.00325452727195
745.0	0.9946	1.6644295302	1.46591594611e-05	5.95317930018e-10	0.00493954834929
745.5	0.99347	1.66331321261	2.14605876373e-05	1.27418149695e-09	0.00597458609172
746.0	0.9893	1.66219839142	5.78641463661e-05	9.25091768568e-09	0.00980722646882
746.5	0.98631	1.66108506363	9.50087193681e-05	2.49063837143e-08	0.0125625461057
747.0	0.98511	1.65997322624	0.000112531646212	3.48940606037e-08	0.013667462084
747.5	0.98508	1.65886287625	0.000112988995818	3.51312234256e-08	0.0136906263767
748.0	0.98666	1.6577540107	9.01808120325e-05	2.23495332533e-08	0.0122269212329
748.5	0.99034	1.65664662659	4.71129107175e-05	6.09171580375e-09	0.00883455967261
749.0	0.99335	1.65554072096	2.22592741733e-05	1.358006137e-09	0.00607051355429
749.5	0.99487	1.65443629086	1.32263009237e-05	4.78825085607e-10	0.00467782772685
750.0	0.99733	1.65333333333	3.57399256014e-06	3.49162932051e-11	0.00243084368744
750.5	0.99623	1.65223184544	7.13334270199e-06	1.38908286845e-10	0.00343306509939
751.0	0.99565	1.65113182423	9.50258625019e-06	2.46176808254e-10	0.00396106331308
751.5	0.99377	1.6500332668	1.95281101261e-05	1.03825930405e-09	0.00567644530897
752.0	0.99088	1.64893617021	4.19699660907e-05	4.78944208229e-09	0.00831900205251
752.5	0.99167	1.64784053156	3.49858824004e-05	3.32365567881e-09	0.00759283577142
753.0	0.99167	1.64674634794	3.49858824004e-05	3.31924325888e-09	0.00759031449101
753.5	0.99467	1.64565361646	1.42805654137e-05	5.52290614294e-10	0.00484776898357
754.0	0.99788	1.64456233422	2.25197418527e-06	1.37160005618e-11	0.0019244510705
754.5	0.99945	1.64347249834	1.51333233278e-07	6.18576624152e-14	0.000498710343765
755.0	1.00137	1.64238410596	9.37166082467e-07	2.36909563124e-12	0.00124063962475
755.5	0.99918	1.6412971542	3.36475910246e-07	3.04987743181e-13	0.000743139928913
756.0	0.99376	1.64021164021	1.95910481404e-05	1.03255958601e-09	0.00566863874346
756.5	0.99188	1.63912756114	3.32370851313e-05	2.96805103681e-09	0.00738104479667
757.0	0.98882	1.63804491413	6.32028073866e-05	1.07182615433e-08	0.0101749219751
757.5	0.9893	1.63696369637	5.78641463661e-05	8.97216387372e-09	0.00973249746585
758.0	0.99496	1.63588390501	1.27651362869e-05	4.36069659638e-10	0.00456971344802
758.5	0.99623	1.63480553724	7.13334270199e-06	1.35993571069e-10	0.0034149126121
759.0	0.99646	1.63372859025	6.28805973145e-06	1.05534178906e-10	0.00320514944433
759.5	0.99399	1.63265306122	1.81692471755e-05	8.79957465524e-10	0.00544647381535
760.0	0.9922	1.63157894737	3.06591413022e-05	2.50228146957e-09	0.00707268050268
760.5	0.99242	1.63050624589	2.89476229822e-05	2.22777203971e-09	0.00687017322025
761.0	0.99294	1.62943495401	2.50989989325e-05	1.67257983672e-09	0.00639509078678
761.5	0.99706	1.62836506894	4.33454355806e-06	4.98184599658e-11	0.00265673094606
762.0	0.9986	1.62729658793	9.81373923493e-07	2.55036568054e-12	0.00126371928733
762.5	0.99658	1.6262295082	5.86826948163e-06	9.10717690492e-11	0.00308919940973
763.0	0.99881	1.625163827	7.08893583364e-07	1.3272611579e-12	0.00107334440366
763.5	0.99704	1.62409954158	4.39380566477e-06	5.09221786763e-11	0.00267132509552
764.0	0.9959	1.62303664921	8.43960236972e-06	1.87629285164e-10	0.00370105173577
764.5	0.99556	1.62197514716	9.90075937161e-06	2.5788459619e-10	0.0040073414677
765.0	0.99348	1.62091503268	2.1394693401e-05	1.20263166447e-09	0.00588888615557
765.5	0.99373	1.61985630307	1.97804735693e-05	1.0266593108e-09	0.00566052336705
766.0	0.99399	1.61879895561	1.81692471755e-05	8.65086823828e-10	0.00542331617666
766.5	0.99513	1.61774298761	1.19164832735e-05	3.71633852472e-10	0.00439064998066
767.0	0.99611	1.61668839635	7.59559687183e-06	1.5079135937e-10	0.00350424218998
767.5	0.99544	1.61563517915	1.04444265852e-05	2.8474480221e-10	0.00410784408384
768.0	0.99622	1.61458333333	7.17130754251e-06	1.34065683177e-10	0.00340274501489
768.5	0.99428	1.61353285621	1.64533129501e-05	7.04794235302e-10	0.00515247135252
769.0	0.99187	1.61248374512	3.33193362033e-05	2.88657849698e-09	0.0073298627563
769.5	0.99211	1.6114359974	3.13735876062e-05	2.55596256753e-09	0.00711031141626
770.0	0.9902	1.61038961039	4.84952534841e-05	6.09902463331e-09	0.00883720840334
770.5	0.99191	1.60934458144	3.29909467593e-05	2.81895174749e-09	0.00728654934819
771.0	0.99472	1.60830090791	1.40131896413e-05	5.07935553706e-10	0.00474735985816
771.5	0.99507	1.60725858717	1.22126584059e-05	3.85293718943e-10	0.004430451455
772.0	0.99474	1.60621761658	1.39069505599e-05	4.98967881542e-10	0.00472626586031
772.5	0.99435	1.60517799353	1.60519434807e-05	6.63898424365e-10	0.00507604436826
773.0	0.99275	1.60413971539	2.64731805591e-05	1.80341893805e-09	0.00651664640191
773.5	0.99164	1.60310277957	3.52394013957e-05	3.19138926108e-09	0.00751614145209
774.0	0.99094	1.60206718346	4.14170383676e-05	4.40270441954e-09	0.00814572759212
774.5	0.99316	1.60103292447	2.35539087358e-05	1.4220880993e-09	0.00614089434739
775.0	0.99628	1.6	6.94503553218e-06	1.23477807471e-10	0.00333347519137
775.5	0.99786	1.59896840748	2.29471068086e-06	1.34628076303e-11	0.00191550773504
776.0	1.00186	1.59793814433	1.72658854531e-06	7.61197999945e-12	0.00166101827085
776.5	1.00455	1.59690920798	1.03043651386e-05	2.70771486703e-10	0.00405649301396
777.0	1.00244	1.59588159588	2.96955428754e-06	2.24586615853e-11	0.00217693753596
777.5	1.0027	1.59485530547	3.6351850005e-06	3.36120971674e-11	0.00240781936291
778.0	0.99796	1.59383033419	2.08505350916e-06	1.10438013461e-11	0.00182297052398
778.5	0.99348	1.59280667951	2.1394693401e-05	1.16128354115e-09	0.00583760315157
779.0	0.99567	1.5917843389	9.41521789348e-06	2.24610060798e-10	0.0038713042234
779.5	0.99538	1.59076330981	1.0721734413e-05	2.90898325679e-10	0.00412985977023
780.0	0.99838	1.58974358974	1.31432921333e-06	4.36578643272e-12	0.00144549176466
780.5	0.99655	1.58872517617	5.97185289248e-06	9.00151806763e-11	0.00308020016211
781.0	0.99106	1.58770806658	4.03222811939e-05	4.0985618231e-09	0.00800125059691
781.5	0.99008	1.58669225848	4.96961861668e-05	6.2177252513e-09	0.00887989605044
782.0	0.98752	1.58567774936	7.88593648736e-05	1.56363871261e-08	0.0111823763221
782.5	0.99036	1.58466453674	4.69170806575e-05	5.52760040346e-09	0.00862251899884
783.0	0.99426	1.58365261814	1.65689055177e-05	6.88505619201e-10	0.00512243990718
783.5	0.99548	1.58264199107	1.02615823522e-05	2.63750953523e-10	0.00402993934513
784.0	1.00003	1.58163265306	4.49986500404e-10	5.06535881858e-19	2.6677956115e-05
784.5	1.0011	1.58062460166	6.04335231246e-07	9.12458877826e-13	0.000977357219319
785.0	1.00182	1.57961783439	1.65319119203e-06	6.81946370583e-12	0.00161598585718
785.5	1.00078	1.57861234882	3.03962908931e-07	2.30246043285e-13	0.000692704555797
786.0	0.99966	1.57760814249	5.7819658684e-08	8.32049809593e-15	0.000302021132267
786.5	0.99826	1.57660521297	1.51643860317e-06	5.71604421364e-12	0.00154622928665
787.0	0.99945	1.57560355781	1.51333233278e-07	5.68541966865e-14	0.000488304393559
787.5	0.99971	1.5746031746	4.20621980374e-08	4.38658120006e-15	0.000257354367673
788.0	1.00058	1.57360406091	1.6810250055e-07	6.99744160223e-14	0.000514321667359
788.5	1.00305	1.57260621433	4.63710682419e-06	5.31782665497e-11	0.00270043385556
789.0	0.9996	1.57160963245	8.00320128051e-08	1.58203775263e-14	0.000354653467809
789.5	0.99886	1.57061431286	6.50541617444e-07	1.04397301236e-12	0.00101081648951
790.0	0.9944	1.56962025316	1.5768302494e-05	6.12574724212e-10	0.00497496200514
790.5	0.9946	1.56862745098	1.46591594611e-05	5.28758984651e-10	0.00479528517806
791.0	0.99498	1.56763590392	1.26637721361e-05	3.94109204791e-10	0.00445557896122
791.5	0.99867	1.5666456096	8.85627885087e-07	1.92505923143e-12	0.00117790705827
792.0	1.00313	1.56565656566	4.88316569139e-06	5.8451536042e-11	0.00276502448921
792.5	0.99727	1.56466876972	3.73665105739e-06	3.41829796062e-11	0.00241797874532
793.0	0.99736	1.56368221942	3.49402422395e-06	2.98503081579e-11	0.00233742241651
793.5	0.99382	1.56269691241	1.9214948381e-05	9.01629167037e-10	0.00547970259295
794.0	0.99113	1.56171284635	3.96905047774e-05	3.84216144731e-09	0.00787306618725
794.5	0.99229	1.56073001888	2.99529875339e-05	2.1854247579e-09	0.00683728943363
795.0	0.99461	1.55974842767	1.46047697087e-05	5.18917765882e-10	0.00477281537352
795.5	0.99529	1.5587680704	1.11445407871e-05	3.01777848786e-10	0.00416794365823
796.0	0.99425	1.55778894472	1.66268544129e-05	6.70868534754e-10	0.00508931527712
796.5	0.99559	1.55681104834	9.76712301249e-06	2.31209207465e-10	0.00389943137089
797.0	0.9931	1.55583437892	2.39703957305e-05	1.39083988165e-09	0.0061068785606
797.5	0.9906	1.55485893417	4.45992327882e-05	4.80880052798e-09	0.00832739548465
798.0	0.98927	1.55388471178	5.81908376884e-05	8.17611150893e-09	0.00950904059565
798.5	0.98549	1.55291170946	0.000106820008321	2.7516851767e-08	0.0128795202444
799.0	0.98579	1.55193992491	0.000102417401272	2.5263720938e-08	0.0126073650712
799.5	0.98769	1.55096935585	7.67123793903e-05	1.41558952765e-08	0.0109077288951
800.0	0.9894	1.55	5.67818880129e-05	7.74609919217e-09	0.00938146717844
